decile: ME1
file: data/processed\features_ME1_full.csv
date_range: 1927-07 → 2025-08
initial_train_months: 240 (through 1947-06)
oos_months: 938 (through 2025-09)
oos_r2: -0.05872310693657923
oos_mae: 0.04587344892564382
oos_rmse: 0.062067781354608255
last_alpha: 10.0
