decile: ME1
file: data/processed\features_ME1_full.csv
date_range: 1927-07 → 2025-09
initial_train_months: 240 (through 1947-06)
oos_months: 939 (through 2025-10)
oos_r2: -0.05871215829972831
oos_mae: 0.045827634559132226
oos_rmse: 0.062034923434545426
last_alpha: 10.0
