decile: ME5
file: data/processed\features_ME5_full.csv
date_range: 1927-07 → 2025-08
initial_train_months: 240 (through 1947-06)
oos_months: 938 (through 2025-09)
oos_r2: -0.055627131647084216
oos_mae: 0.04189278641495411
oos_rmse: 0.05523554969622914
last_alpha: 10.0
