decile: ME6
file: data/processed\features_ME6_full.csv
date_range: 1927-07 → 2025-09
initial_train_months: 240 (through 1947-06)
oos_months: 939 (through 2025-10)
oos_r2: -0.0948413928207974
oos_mae: 0.04077214497631757
oos_rmse: 0.053188123781537734
last_alpha: 10.0
