decile: ME7
file: data/processed\features_ME7_full.csv
date_range: 1927-07 → 2025-08
initial_train_months: 240 (through 1947-06)
oos_months: 938 (through 2025-09)
oos_r2: -0.06320298710189265
oos_mae: 0.038969686497864385
oos_rmse: 0.0514348965468101
last_alpha: 10.0
