decile: ME7
file: data/processed\features_ME7_full.csv
date_range: 1927-07 → 2025-09
initial_train_months: 240 (through 1947-06)
oos_months: 939 (through 2025-10)
oos_r2: -0.06305937361411651
oos_mae: 0.038944246075482324
oos_rmse: 0.05140989693441423
last_alpha: 10.0
