decile: ME9
file: data/processed\features_ME9_full.csv
date_range: 1927-07 → 2025-09
initial_train_months: 240 (through 1947-06)
oos_months: 939 (through 2025-10)
oos_r2: -0.06201791900385567
oos_mae: 0.03496693898545742
oos_rmse: 0.045853678212086815
last_alpha: 10.0
