decile: ME9
file: data/processed\features_ME9_full.csv
date_range: 1927-07 → 2025-08
initial_train_months: 240 (through 1947-06)
oos_months: 938 (through 2025-09)
oos_r2: -0.06207065116749422
oos_mae: 0.034988957220449195
oos_rmse: 0.04587573336884653
last_alpha: 10.0
