decile: ME1
file: data/processed\features_ME1_full.csv
date_range: 1927-07 → 2025-07
initial_train_months: 240 (through 1947-06)
oos_months: 937 (through 2025-08)
oos_r2: -3.294149135824637
oos_mae: 0.011406153299978131
oos_rmse: 0.01585609502888057
last_alpha: 10.0
