decile: ME4
file: data/processed\features_ME4_full.csv
date_range: 1927-07 → 2025-07
initial_train_months: 240 (through 1947-06)
oos_months: 937 (through 2025-08)
oos_r2: -2.1078479474369485
oos_mae: 0.007792947606505875
oos_rmse: 0.010905956010892254
last_alpha: 10.0
