decile: ME5
file: data/processed\features_ME5_full.csv
date_range: 1927-07 → 2025-07
initial_train_months: 240 (through 1947-06)
oos_months: 937 (through 2025-08)
oos_r2: -1.2955721595302618
oos_mae: 0.006019401592029564
oos_rmse: 0.00865042327903061
last_alpha: 10.0
