decile: ME7
file: data/processed\features_ME7_full.csv
date_range: 1927-07 → 2025-07
initial_train_months: 240 (through 1947-06)
oos_months: 937 (through 2025-08)
oos_r2: -0.9656104695013461
oos_mae: 0.004761829170834464
oos_rmse: 0.007087992837093766
last_alpha: 10.0
