month  ;     ME1;     ME2;     ME3;     ME4;     ME5;     ME6;     ME7;     ME8;     ME9;    ME10
1947-08;0.074656;0.081180;0.093397;0.111590;0.114200;0.111325;0.103627;0.120533;0.103023;0.086468
1947-09;0.383924;0.400000;0.001278;0.000000;0.214798;0.000000;0.000000;0.000000;0.000000;0.000000
1947-10;0.232969;0.220149;0.000000;0.000000;0.253493;0.000000;0.000000;0.000000;0.000000;0.293388
1947-11;0.007534;0.002733;0.008099;0.000000;0.000000;0.400000;0.000000;0.400000;0.094342;0.087292
1947-12;0.200000;0.400000;0.000000;0.000000;0.000000;0.000000;0.000000;0.000000;0.000000;0.400000
1948-01;0.100000;0.100000;0.100000;0.100000;0.100000;0.100000;0.100000;0.100000;0.100000;0.100000
1948-02;0.000000;0.000000;0.000000;0.000000;0.207145;0.391390;0.000478;0.400000;0.000413;0.000574
1948-03;0.086635;0.069946;0.105567;0.122142;0.101335;0.130944;0.114418;0.101472;0.069992;0.097551
1948-04;0.073311;0.072617;0.077228;0.084656;0.099069;0.115605;0.102776;0.090225;0.100519;0.183993
1948-05;0.024491;0.026424;0.052211;0.078907;0.046214;0.076619;0.076320;0.158184;0.233981;0.226649
1948-06;0.100000;0.100000;0.100000;0.100000;0.100000;0.100000;0.100000;0.100000;0.100000;0.100000
1948-07;0.400000;0.400000;0.025000;0.025000;0.025000;0.025000;0.025000;0.025000;0.025000;0.025000
1948-08;0.025000;0.025000;0.025000;0.025000;0.025000;0.025000;0.400000;0.025000;0.400000;0.025000
1948-09;0.400000;0.025000;0.025000;0.025000;0.025000;0.025000;0.025000;0.025000;0.025000;0.400000
1948-10;0.000037;0.000143;0.000087;0.042378;0.138028;0.131913;0.082778;0.127295;0.244750;0.232591
1948-11;0.000000;0.000000;0.000000;0.000000;0.000000;0.000000;0.269799;0.000000;0.330201;0.400000
1948-12;0.068587;0.074703;0.073203;0.117523;0.096070;0.102764;0.111868;0.123694;0.103856;0.127732
1949-01;0.087902;0.076111;0.109065;0.128940;0.138757;0.151009;0.105075;0.120864;0.061115;0.021161
1949-02;0.040739;0.042429;0.046942;0.068863;0.061706;0.087048;0.089838;0.169225;0.163731;0.229479
1949-03;0.057994;0.054105;0.094262;0.177083;0.071522;0.400000;0.000000;0.145035;0.000000;0.000000
1949-04;0.100000;0.100000;0.100000;0.100000;0.100000;0.100000;0.100000;0.100000;0.100000;0.100000
1949-05;0.043404;0.038921;0.071184;0.076077;0.066505;0.084175;0.084171;0.160823;0.146879;0.227861
1949-06;0.100000;0.100000;0.100000;0.100000;0.100000;0.100000;0.100000;0.100000;0.100000;0.100000
1949-07;0.400000;0.400000;0.025000;0.025000;0.025000;0.025000;0.025000;0.025000;0.025000;0.025000
1949-08;0.105193;0.000000;0.000000;0.000000;0.133649;0.239282;0.061806;0.064162;0.104429;0.291479
1949-09;0.374380;0.292269;0.127643;0.000000;0.000000;0.000000;0.033047;0.000000;0.029914;0.142747
1949-10;0.127691;0.124832;0.270542;0.000000;0.400000;0.000000;0.042702;0.000000;0.034232;0.000000
1949-11;0.026111;0.400000;0.000000;0.000000;0.000000;0.089917;0.011801;0.390183;0.013931;0.068058
1949-12;0.005832;0.005184;0.286853;0.000000;0.207033;0.025759;0.000000;0.000000;0.400000;0.069339
1950-01;0.014344;0.010396;0.400000;0.000000;0.175261;0.000000;0.000000;0.000000;0.400000;0.000000
1950-02;0.180184;0.000000;0.000000;0.000000;0.267478;0.000000;0.000000;0.000000;0.400000;0.152338
1950-03;0.400000;0.000000;0.000000;0.164687;0.263510;0.008259;0.000000;0.002223;0.048535;0.112785
1950-04;0.034334;0.047189;0.000000;0.400000;0.051539;0.000000;0.019196;0.000000;0.400000;0.047741
1950-05;0.083635;0.000000;0.000000;0.222313;0.052003;0.382190;0.037504;0.000000;0.084560;0.137794
1950-06;0.057824;0.000000;0.155357;0.313711;0.042452;0.000000;0.015581;0.000000;0.400000;0.015074
1950-07;0.030168;0.255560;0.000000;0.159343;0.000000;0.087953;0.366234;0.000000;0.100742;0.000000
1950-08;0.072980;0.220913;0.000000;0.000000;0.266693;0.400000;0.014552;0.024862;0.000000;0.000000
1950-09;0.000000;0.000000;0.000000;0.074535;0.073438;0.135788;0.077265;0.178362;0.177654;0.282957
1950-10;0.289134;0.017743;0.000000;0.000000;0.097637;0.000000;0.000000;0.000000;0.400000;0.195487
1950-11;0.219571;0.305683;0.000000;0.000000;0.000000;0.077857;0.315270;0.000000;0.050050;0.031569
1950-12;0.161022;0.180526;0.000000;0.000000;0.060672;0.376736;0.116080;0.000000;0.000000;0.104964
1951-01;0.053493;0.000000;0.000000;0.047093;0.000000;0.037753;0.025012;0.096145;0.373910;0.366594
1951-02;0.005279;0.013797;0.000000;0.400000;0.000000;0.000000;0.024497;0.000000;0.332129;0.224298
1951-03;0.262705;0.065823;0.000000;0.000000;0.332476;0.057659;0.154861;0.000000;0.053926;0.072549
1951-04;0.017752;0.328592;0.000000;0.000000;0.000000;0.321502;0.118440;0.000000;0.213714;0.000000
1951-05;0.080697;0.000000;0.014114;0.096120;0.030840;0.165082;0.052454;0.164140;0.162007;0.234545
1951-06;0.000000;0.000000;0.000000;0.000000;0.074756;0.400000;0.034168;0.000000;0.248910;0.242166
1951-07;0.174762;0.320229;0.000000;0.030895;0.000000;0.240589;0.093378;0.000000;0.086290;0.053858
1951-08;0.000000;0.000000;0.000000;0.078437;0.000000;0.060277;0.062693;0.354073;0.125420;0.319100
1951-09;0.025475;0.014174;0.012531;0.088525;0.060341;0.114176;0.067894;0.164803;0.233575;0.218507
1951-10;0.142972;0.153102;0.153259;0.400000;0.150667;0.000000;0.000000;0.000000;0.000000;0.000000
1951-11;0.274872;0.285167;0.000000;0.000000;0.070078;0.000000;0.126870;0.082689;0.068924;0.091400
1951-12;0.175757;0.100982;0.000000;0.076918;0.000000;0.163671;0.015495;0.243432;0.000000;0.223746
1952-01;0.133680;0.043221;0.000000;0.103383;0.000000;0.025540;0.036923;0.144796;0.400000;0.112457
1952-02;0.016805;0.161869;0.281735;0.138623;0.000000;0.000000;0.000968;0.000000;0.400000;0.000000
1952-03;0.266352;0.132331;0.000000;0.000000;0.223922;0.000000;0.304880;0.000000;0.066195;0.006320
1952-04;0.148927;0.015608;0.064292;0.079652;0.065909;0.101226;0.106610;0.147203;0.113034;0.157538
1952-05;0.076248;0.012570;0.000000;0.099707;0.082592;0.091476;0.000013;0.145931;0.276114;0.215349
1952-06;0.185903;0.175273;0.227799;0.205227;0.159512;0.000000;0.046285;0.000000;0.000000;0.000000
1952-07;0.042745;0.100835;0.000000;0.000000;0.235801;0.009173;0.400000;0.000000;0.000000;0.211445
1952-08;0.214717;0.209380;0.000000;0.000000;0.131708;0.000000;0.321775;0.000000;0.102952;0.019468
1952-09;0.317493;0.346291;0.000000;0.013532;0.000000;0.106556;0.139666;0.061146;0.015002;0.000313
1952-10;0.049568;0.400000;0.000000;0.000000;0.000000;0.045011;0.400000;0.000000;0.010895;0.094525
1952-11;0.358565;0.000000;0.000000;0.000000;0.112920;0.047766;0.000000;0.271841;0.171348;0.037560
1952-12;0.099561;0.000000;0.000000;0.400000;0.000000;0.029894;0.000000;0.133998;0.179374;0.157172
1953-01;0.264131;0.000000;0.000000;0.172833;0.346776;0.000000;0.198110;0.000000;0.018150;0.000000
1953-02;0.159714;0.262366;0.000000;0.000000;0.168985;0.000000;0.392390;0.000000;0.011420;0.005125
1953-03;0.263241;0.202849;0.000000;0.000000;0.045615;0.086898;0.049281;0.168122;0.032166;0.151828
1953-04;0.098523;0.005333;0.400000;0.000000;0.043721;0.000000;0.000000;0.005391;0.400000;0.047031
1953-05;0.240269;0.229620;0.000000;0.000000;0.000000;0.000000;0.206037;0.000000;0.079601;0.244474
1953-06;0.335498;0.000000;0.000000;0.000000;0.270684;0.000000;0.053192;0.337711;0.000000;0.002915
1953-07;0.275094;0.000000;0.000000;0.000000;0.281012;0.384376;0.016865;0.020207;0.011552;0.010893
1953-08;0.400000;0.094905;0.000000;0.118014;0.114361;0.086596;0.078368;0.025548;0.049642;0.032565
1953-09;0.172523;0.030689;0.099300;0.179469;0.159664;0.178565;0.097445;0.043534;0.038811;0.000000
1953-10;0.178387;0.116110;0.267562;0.189094;0.123461;0.048504;0.076881;0.000000;0.000000;0.000000
1953-11;0.117815;0.058844;0.094153;0.092307;0.087607;0.129911;0.000000;0.100509;0.132744;0.186111
1953-12;0.016899;0.292476;0.000000;0.000000;0.078626;0.214583;0.397416;0.000000;0.000000;0.000000
1954-01;0.160754;0.200238;0.000000;0.000000;0.098994;0.000000;0.333801;0.000000;0.206213;0.000000
1954-02;0.010167;0.029277;0.023486;0.097205;0.152581;0.000000;0.200612;0.000000;0.400000;0.086672
1954-03;0.030680;0.000000;0.000000;0.027912;0.029910;0.151251;0.106104;0.000000;0.379247;0.274896
1954-04;0.021841;0.114550;0.301216;0.152590;0.005091;0.000000;0.000000;0.000000;0.400000;0.004712
1954-05;0.051467;0.370178;0.000000;0.000000;0.022098;0.000000;0.172836;0.000000;0.313916;0.069505
1954-06;0.039125;0.125228;0.000000;0.138524;0.199809;0.000000;0.151032;0.000000;0.326056;0.020226
1954-07;0.171730;0.048289;0.024019;0.079576;0.059081;0.000000;0.059427;0.157878;0.400000;0.000000
1954-08;0.017751;0.059183;0.048614;0.000000;0.169767;0.099659;0.266285;0.222158;0.000000;0.116583
1954-09;0.141137;0.031784;0.000000;0.000000;0.275299;0.192076;0.037431;0.000000;0.225455;0.096819
1954-10;0.052696;0.400000;0.000000;0.400000;0.000000;0.063202;0.000000;0.073051;0.000000;0.011052
1954-11;0.208459;0.190874;0.000000;0.000000;0.000000;0.269046;0.000000;0.056278;0.139661;0.135682
1954-12;0.000000;0.007860;0.000000;0.253619;0.188442;0.207412;0.325655;0.017012;0.000000;0.000000
1955-01;0.244460;0.024477;0.000000;0.389151;0.080903;0.095277;0.000000;0.039362;0.000000;0.126370
1955-02;0.045611;0.102480;0.000000;0.400000;0.143958;0.000000;0.284072;0.000000;0.023879;0.000000
1955-03;0.154359;0.182264;0.000000;0.000000;0.195408;0.000000;0.400000;0.067969;0.000000;0.000000
1955-04;0.027872;0.300219;0.000000;0.000000;0.095371;0.000000;0.263290;0.008023;0.214968;0.090257
1955-05;0.086305;0.190482;0.000000;0.400000;0.037652;0.000000;0.000000;0.000000;0.087911;0.197650
1955-06;0.126093;0.297317;0.000000;0.000000;0.000000;0.000000;0.271341;0.151999;0.000000;0.153250
1955-07;0.231748;0.029721;0.000000;0.128917;0.157742;0.329747;0.019497;0.078784;0.023843;0.000000
1955-08;0.000000;0.248242;0.000000;0.400000;0.017245;0.015739;0.000000;0.000000;0.270169;0.048605
1955-09;0.055017;0.025446;0.000000;0.036755;0.098711;0.400000;0.291705;0.000000;0.092365;0.000000
1955-10;0.154309;0.261457;0.000000;0.000000;0.089190;0.254608;0.157845;0.002743;0.079849;0.000000
1955-11;0.006088;0.316188;0.000000;0.000000;0.000000;0.222854;0.000000;0.000000;0.255042;0.199828
1955-12;0.400000;0.000000;0.028299;0.084606;0.022015;0.117153;0.070516;0.087441;0.112691;0.077279
1956-01;0.269483;0.086043;0.000000;0.000000;0.000000;0.051341;0.360970;0.194071;0.007448;0.030643
1956-02;0.400000;0.000000;0.400000;0.000000;0.142001;0.000000;0.014080;0.008295;0.000000;0.035623
1956-03;0.395667;0.000000;0.000000;0.084827;0.184684;0.264336;0.017101;0.015636;0.015517;0.022234
1956-04;0.376577;0.000000;0.000000;0.111422;0.000000;0.064549;0.009035;0.400000;0.008242;0.030176
1956-05;0.215856;0.191344;0.000000;0.000000;0.121947;0.000000;0.000000;0.000000;0.393869;0.076985
1956-06;0.195928;0.172225;0.000000;0.000000;0.227750;0.000000;0.400000;0.000000;0.000000;0.004097
1956-07;0.400000;0.000000;0.359856;0.018109;0.048556;0.037973;0.019276;0.040744;0.034494;0.040992
1956-08;0.051987;0.000000;0.037260;0.098340;0.099534;0.128154;0.083181;0.119473;0.167154;0.214917
1956-09;0.018551;0.330475;0.000000;0.107614;0.202209;0.000000;0.341151;0.000000;0.000000;0.000000
1956-10;0.308561;0.152566;0.000000;0.000000;0.237093;0.226081;0.022239;0.032649;0.011534;0.009278
1956-11;0.081598;0.000000;0.000000;0.075508;0.125836;0.122793;0.086173;0.147412;0.136804;0.223875
1956-12;0.110193;0.080576;0.026524;0.101993;0.071030;0.109977;0.081683;0.137499;0.181068;0.099457
1957-01;0.262369;0.400000;0.000000;0.124423;0.000000;0.000000;0.105561;0.095655;0.000000;0.011992
1957-02;0.297602;0.169919;0.000000;0.000000;0.000000;0.000000;0.332639;0.000000;0.175162;0.024678
1957-03;0.080687;0.000000;0.000000;0.087050;0.111720;0.163151;0.125079;0.174285;0.166470;0.091556
1957-04;0.167932;0.000000;0.060114;0.081009;0.131927;0.113947;0.102623;0.141405;0.100613;0.100429
1957-05;0.045455;0.000000;0.116671;0.400000;0.053729;0.000000;0.267672;0.000000;0.097198;0.019275
1957-06;0.143343;0.373430;0.000000;0.000000;0.000000;0.000000;0.000000;0.000000;0.400000;0.083226
1957-07;0.181690;0.394394;0.000000;0.000000;0.000000;0.000000;0.400000;0.000000;0.023916;0.000000
1957-08;0.400000;0.000000;0.000000;0.400000;0.093180;0.043058;0.026651;0.014692;0.014320;0.008099
1957-09;0.318024;0.236891;0.000000;0.061170;0.027451;0.078679;0.068312;0.071413;0.080225;0.057835
1957-10;0.181998;0.000000;0.037202;0.173290;0.161760;0.244689;0.098329;0.000000;0.066366;0.036367
1957-11;0.029844;0.395646;0.000000;0.243399;0.046217;0.031264;0.038555;0.035304;0.136481;0.043291
1957-12;0.000000;0.000000;0.000000;0.133999;0.110803;0.133803;0.131981;0.141598;0.145447;0.202369
1958-01;0.147167;0.102481;0.154226;0.120774;0.113527;0.103891;0.075978;0.070495;0.071367;0.040093
1958-02;0.000000;0.077599;0.121435;0.254402;0.194019;0.073016;0.264323;0.000000;0.000000;0.015206
1958-03;0.074426;0.035340;0.076361;0.087108;0.100177;0.112175;0.128278;0.131484;0.036534;0.218118
1958-04;0.400000;0.400000;0.000000;0.000000;0.082048;0.000000;0.000000;0.000000;0.000000;0.117952
1958-05;0.009901;0.011949;0.400000;0.000000;0.017514;0.000000;0.376200;0.174640;0.008382;0.001414
1958-06;0.196592;0.346809;0.000000;0.000000;0.000000;0.000000;0.139289;0.000000;0.317309;0.000000
1958-07;0.400000;0.000000;0.000000;0.000000;0.024242;0.057713;0.171544;0.064807;0.147391;0.134303
1958-08;0.123040;0.370282;0.000000;0.000000;0.074335;0.040887;0.193803;0.062398;0.082291;0.052964
1958-09;0.284846;0.000000;0.000000;0.192241;0.059080;0.150931;0.055251;0.095315;0.162337;0.000000
1958-10;0.136897;0.141307;0.229536;0.129042;0.068672;0.033284;0.166663;0.000000;0.094598;0.000000
1958-11;0.196977;0.002152;0.000000;0.231748;0.000000;0.000000;0.159711;0.000000;0.400000;0.009412
1958-12;0.251792;0.214539;0.000000;0.000000;0.000000;0.000000;0.084381;0.067440;0.381847;0.000000
1959-01;0.044906;0.400000;0.000000;0.000000;0.000000;0.000000;0.000000;0.400000;0.120490;0.034604
1959-02;0.138452;0.138623;0.000000;0.000000;0.000000;0.000000;0.398867;0.000000;0.290369;0.033690
1959-03;0.227929;0.087256;0.000000;0.000000;0.192679;0.174802;0.115662;0.085513;0.116160;0.000000
1959-04;0.148152;0.193121;0.000000;0.000000;0.000000;0.000000;0.332301;0.326425;0.000000;0.000000
1959-05;0.185434;0.028373;0.000000;0.163215;0.000000;0.247514;0.338838;0.000000;0.000000;0.036625
1959-06;0.083655;0.132652;0.000000;0.400000;0.000000;0.188683;0.123921;0.000000;0.071089;0.000000
1959-07;0.016696;0.000000;0.000000;0.400000;0.000000;0.037980;0.400000;0.000000;0.145324;0.000000
1959-08;0.156910;0.010356;0.047215;0.109980;0.000000;0.000000;0.231536;0.090491;0.353513;0.000000
1959-09;0.095751;0.045426;0.000000;0.400000;0.000000;0.102307;0.000000;0.000000;0.254652;0.101864
1959-10;0.015539;0.000000;0.000000;0.184461;0.000000;0.400000;0.400000;0.000000;0.000000;0.000000
1959-11;0.000000;0.000000;0.000000;0.049253;0.075032;0.400000;0.145178;0.217191;0.113346;0.000000
1959-12;0.106519;0.000000;0.065197;0.083426;0.036604;0.184760;0.076676;0.118314;0.134758;0.193745
1960-01;0.014324;0.400000;0.307844;0.000000;0.000000;0.000000;0.254641;0.006601;0.000000;0.016590
1960-02;0.177407;0.211028;0.000000;0.009446;0.147462;0.400000;0.035131;0.000000;0.010813;0.008712
1960-03;0.000000;0.400000;0.000000;0.063789;0.072921;0.096419;0.070980;0.100089;0.141053;0.054748
1960-04;0.146996;0.000000;0.034329;0.091856;0.000000;0.116449;0.070068;0.142170;0.109456;0.288675
1960-05;0.000947;0.400000;0.212782;0.000000;0.000000;0.000000;0.000000;0.000000;0.370817;0.015454
1960-06;0.400000;0.000000;0.000000;0.000000;0.000000;0.000000;0.400000;0.187525;0.012475;0.000000
1960-07;0.115840;0.165316;0.195431;0.114149;0.017770;0.063537;0.000000;0.034157;0.076616;0.217185
1960-08;0.198997;0.288547;0.019296;0.161110;0.157800;0.000000;0.111914;0.062336;0.000000;0.000000
1960-09;0.040990;0.048368;0.263090;0.105643;0.056473;0.000000;0.060688;0.400000;0.023616;0.001133
1960-10;0.010678;0.000000;0.400000;0.035132;0.020716;0.050705;0.030389;0.000000;0.331818;0.120561
1960-11;0.000000;0.000000;0.000000;0.261187;0.242790;0.000000;0.200677;0.182810;0.049370;0.063166
1960-12;0.150686;0.000000;0.009018;0.093632;0.121256;0.140641;0.122607;0.136108;0.132989;0.093063
1961-01;0.154284;0.000000;0.011635;0.189942;0.109490;0.056059;0.118170;0.124944;0.210567;0.024908
1961-02;0.013366;0.014534;0.000000;0.400000;0.248179;0.000000;0.056711;0.000000;0.000000;0.267211
1961-03;0.019250;0.035806;0.000000;0.076856;0.025506;0.400000;0.400000;0.042582;0.000000;0.000000
1961-04;0.200000;0.400000;0.000000;0.000000;0.000000;0.000000;0.000000;0.000000;0.400000;0.000000
1961-05;0.020441;0.016188;0.400000;0.000000;0.000000;0.075294;0.000000;0.260651;0.000000;0.227425
1961-06;0.192576;0.171870;0.000000;0.000000;0.000000;0.104557;0.199449;0.082520;0.249029;0.000000
1961-07;0.400000;0.000000;0.000000;0.000000;0.012934;0.247323;0.000000;0.284414;0.038484;0.016845
1961-08;0.000000;0.186792;0.000000;0.126046;0.119339;0.142198;0.139796;0.108897;0.087036;0.089897
1961-09;0.023700;0.000000;0.035627;0.080726;0.073573;0.127211;0.110552;0.186648;0.163615;0.198348
1961-10;0.000000;0.020659;0.000000;0.047057;0.003325;0.353886;0.040760;0.134313;0.400000;0.000000
1961-11;0.077438;0.051922;0.087984;0.049823;0.053712;0.236237;0.096511;0.235738;0.000000;0.110634
1961-12;0.004741;0.043492;0.041475;0.064662;0.045631;0.000000;0.400000;0.400000;0.000000;0.000000
1962-01;0.109244;0.103945;0.144261;0.242550;0.000000;0.400000;0.000000;0.000000;0.000000;0.000000
1962-02;0.129343;0.000000;0.099167;0.042958;0.124054;0.259363;0.000000;0.000000;0.274489;0.070627
1962-03;0.327578;0.000000;0.000000;0.000000;0.036700;0.400000;0.052662;0.071473;0.088586;0.023001
1962-04;0.159962;0.000000;0.000000;0.329858;0.000000;0.263424;0.145954;0.023907;0.056195;0.020700
1962-05;0.221859;0.145289;0.115938;0.142873;0.091534;0.131716;0.000000;0.071491;0.079300;0.000000
1962-06;0.000000;0.000000;0.000000;0.090474;0.132459;0.132207;0.194033;0.152069;0.114233;0.184525
1962-07;0.000000;0.000000;0.000000;0.042124;0.094275;0.108370;0.091060;0.152294;0.225159;0.286718
1962-08;0.054979;0.052605;0.082950;0.119384;0.120206;0.145175;0.106706;0.118467;0.105445;0.094083
1962-09;0.121740;0.139304;0.150918;0.125944;0.127245;0.076451;0.125115;0.016802;0.022510;0.093970
1962-10;0.181925;0.400000;0.146503;0.067709;0.128924;0.000000;0.074940;0.000000;0.000000;0.000000
1962-11;0.000000;0.000000;0.000000;0.000000;0.259302;0.340698;0.400000;0.000000;0.000000;0.000000
1962-12;0.000000;0.025630;0.039346;0.118860;0.121831;0.167561;0.096801;0.141489;0.181761;0.106721
1963-01;0.294584;0.152491;0.215488;0.235187;0.102250;0.000000;0.000000;0.000000;0.000000;0.000000
1963-02;0.000000;0.251279;0.000000;0.000000;0.327197;0.000000;0.400000;0.000000;0.000000;0.021523
1963-03;0.092469;0.000000;0.000000;0.000000;0.076431;0.005974;0.162110;0.000000;0.263015;0.400000
1963-04;0.021712;0.000000;0.085466;0.116913;0.109616;0.119208;0.081040;0.152661;0.174180;0.139205
1963-05;0.264802;0.161282;0.114643;0.000000;0.000000;0.000000;0.000000;0.020372;0.143068;0.295832
1963-06;0.144247;0.160576;0.000000;0.000000;0.107575;0.000000;0.390718;0.000000;0.196883;0.000000
1963-07;0.400000;0.000000;0.000000;0.344687;0.048432;0.023156;0.026804;0.035917;0.066349;0.054655
1963-08;0.071260;0.109420;0.066775;0.107583;0.061161;0.115042;0.087490;0.160983;0.113699;0.106586
1963-09;0.000000;0.001694;0.099686;0.088444;0.086094;0.147820;0.089810;0.130230;0.138555;0.217667
1963-10;0.043858;0.056445;0.054986;0.400000;0.029421;0.000000;0.015290;0.000000;0.400000;0.000000
1963-11;0.000000;0.011796;0.322251;0.388033;0.000000;0.153910;0.000000;0.043893;0.052832;0.027285
1963-12;0.144182;0.114309;0.000000;0.000000;0.000000;0.000000;0.384637;0.000000;0.353434;0.003437
1964-01;0.400000;0.060985;0.000000;0.051180;0.102347;0.033672;0.003185;0.068452;0.280180;0.000000
1964-02;0.015990;0.047395;0.062135;0.000000;0.400000;0.119767;0.003840;0.000000;0.048491;0.302382
1964-03;0.117128;0.241800;0.000000;0.113033;0.000000;0.008672;0.000000;0.000000;0.400000;0.119366
1964-04;0.100611;0.082782;0.000000;0.116334;0.000000;0.000000;0.112922;0.381575;0.205776;0.000000
1964-05;0.174892;0.339065;0.000000;0.071746;0.085904;0.053142;0.053787;0.048600;0.038448;0.134414
1964-06;0.000000;0.000000;0.000000;0.000000;0.323444;0.136113;0.400000;0.000000;0.000000;0.140443
1964-07;0.185490;0.016504;0.000000;0.164372;0.000000;0.000000;0.363444;0.000000;0.270188;0.000000
1964-08;0.238753;0.069442;0.000000;0.000000;0.000000;0.119412;0.172392;0.000000;0.400000;0.000000
1964-09;0.191882;0.126771;0.000000;0.000000;0.000000;0.000000;0.400000;0.000000;0.276533;0.004814
1964-10;0.020985;0.017079;0.000000;0.213778;0.136200;0.000000;0.400000;0.211959;0.000000;0.000000
1964-11;0.061503;0.022682;0.000000;0.030330;0.000000;0.085485;0.400000;0.000000;0.400000;0.000000
1964-12;0.000000;0.000000;0.000000;0.400000;0.183934;0.000000;0.000000;0.272332;0.000000;0.143735
1965-01;0.366541;0.104846;0.000000;0.000000;0.000000;0.000000;0.362413;0.000000;0.065872;0.100328
1965-02;0.114039;0.000000;0.000000;0.092551;0.000000;0.000000;0.400000;0.000000;0.393410;0.000000
1965-03;0.142356;0.070745;0.136076;0.063040;0.000000;0.221305;0.062435;0.149203;0.154839;0.000000
1965-04;0.030410;0.400000;0.166705;0.000000;0.000000;0.000000;0.400000;0.000677;0.002208;0.000000
1965-05;0.215009;0.000000;0.000000;0.000000;0.162855;0.000000;0.400000;0.214191;0.000000;0.007944
1965-06;0.311052;0.051290;0.000000;0.025282;0.000000;0.000000;0.212376;0.000000;0.400000;0.000000
1965-07;0.210426;0.066609;0.086591;0.149804;0.165838;0.249187;0.034055;0.024006;0.013484;0.000000
1965-08;0.000000;0.110715;0.000000;0.000000;0.325644;0.163641;0.400000;0.000000;0.000000;0.000000
1965-09;0.041046;0.000000;0.021669;0.083878;0.077855;0.129999;0.107803;0.164094;0.185742;0.187915
1965-10;0.248491;0.294156;0.254847;0.054886;0.147620;0.000000;0.000000;0.000000;0.000000;0.000000
1965-11;0.008546;0.015818;0.284395;0.000000;0.270415;0.000000;0.273522;0.000000;0.060333;0.086971
1965-12;0.042081;0.224105;0.000000;0.000000;0.279019;0.000000;0.205410;0.061064;0.142183;0.046137
1966-01;0.282309;0.125444;0.307252;0.040907;0.003703;0.053884;0.000000;0.124578;0.016748;0.045175
1966-02;0.255200;0.186518;0.084388;0.000000;0.000000;0.000000;0.000000;0.053285;0.394805;0.025804
1966-03;0.400000;0.000000;0.000000;0.000000;0.000000;0.000000;0.000000;0.400000;0.135733;0.064267
1966-04;0.400000;0.000000;0.032485;0.128478;0.010362;0.107303;0.068472;0.089823;0.061479;0.101598
1966-05;0.074119;0.045800;0.090441;0.105821;0.057530;0.122056;0.041970;0.142177;0.177695;0.142390
1966-06;0.071201;0.044070;0.075414;0.116767;0.098799;0.158023;0.115897;0.112977;0.095047;0.111805
1966-07;0.000000;0.336789;0.000000;0.036486;0.035628;0.400000;0.025924;0.165173;0.000000;0.000000
1966-08;0.067165;0.031008;0.000000;0.094405;0.088348;0.134189;0.094003;0.261219;0.220734;0.008928
1966-09;0.000000;0.045638;0.058577;0.195023;0.127830;0.182812;0.129837;0.080134;0.104078;0.076070
1966-10;0.000000;0.162450;0.010785;0.051232;0.237572;0.130048;0.101046;0.306866;0.000000;0.000000
1966-11;0.037983;0.040038;0.066894;0.106273;0.093435;0.144073;0.133632;0.169444;0.132570;0.075659
1966-12;0.118545;0.033384;0.000000;0.400000;0.048071;0.000000;0.000000;0.000000;0.400000;0.000000
1967-01;0.210509;0.264110;0.252284;0.115383;0.000000;0.000000;0.157714;0.000000;0.000000;0.000000
1967-02;0.000000;0.000000;0.000000;0.000000;0.000000;0.139980;0.049121;0.400000;0.010899;0.400000
1967-03;0.151073;0.087324;0.136953;0.079860;0.000000;0.112802;0.000000;0.006345;0.156695;0.268948
1967-04;0.199141;0.239678;0.367410;0.089528;0.075754;0.028489;0.000000;0.000000;0.000000;0.000000
1967-05;0.345683;0.018373;0.000000;0.000000;0.000000;0.000000;0.400000;0.216088;0.017185;0.002671
1967-06;0.062050;0.310737;0.000000;0.000000;0.000000;0.400000;0.000000;0.107255;0.063520;0.056437
1967-07;0.182707;0.000000;0.000000;0.000000;0.034248;0.014614;0.268715;0.187122;0.172945;0.139650
1967-08;0.081015;0.081378;0.125633;0.108001;0.051542;0.103683;0.084403;0.085503;0.092845;0.185996
1967-09;0.162854;0.050123;0.187177;0.081299;0.039861;0.088390;0.000000;0.000000;0.116363;0.273933
1967-10;0.000000;0.166005;0.055426;0.069419;0.000000;0.309150;0.400000;0.000000;0.000000;0.000000
1967-11;0.080335;0.063633;0.109397;0.082575;0.068528;0.227979;0.141747;0.000000;0.086568;0.139239
1967-12;0.000000;0.134972;0.400000;0.000000;0.000000;0.400000;0.000000;0.026591;0.020765;0.017672
1968-01;0.221780;0.400000;0.046234;0.001167;0.000000;0.137199;0.080429;0.113192;0.000000;0.000000
1968-02;0.400000;0.000000;0.000000;0.309981;0.000000;0.131014;0.059259;0.000000;0.001357;0.098388
1968-03;0.000000;0.254738;0.094376;0.196829;0.120017;0.137465;0.000000;0.053214;0.000000;0.143360
1968-04;0.000000;0.012251;0.000000;0.000000;0.284905;0.184068;0.132682;0.181034;0.100098;0.104962
1968-05;0.000000;0.000000;0.089809;0.159456;0.125791;0.239623;0.182709;0.081675;0.097313;0.023624
1968-06;0.206126;0.230206;0.206875;0.201482;0.085654;0.010320;0.000000;0.000000;0.000000;0.059338
1968-07;0.000000;0.400000;0.071268;0.000000;0.000000;0.000000;0.185859;0.000000;0.000000;0.342873
1968-08;0.000000;0.099567;0.000000;0.000000;0.305175;0.273010;0.016435;0.000000;0.305813;0.000000
1968-09;0.000000;0.058646;0.017028;0.118665;0.193717;0.221095;0.000000;0.187236;0.203614;0.000000
1968-10;0.304206;0.137349;0.203145;0.156568;0.194769;0.000000;0.000000;0.000000;0.003963;0.000000
1968-11;0.142840;0.219067;0.000000;0.000000;0.000000;0.000000;0.322137;0.101859;0.202860;0.011237
1968-12;0.300494;0.007000;0.000000;0.257047;0.339225;0.019109;0.012566;0.011073;0.027268;0.026219
1969-01;0.094186;0.075041;0.084649;0.083969;0.089056;0.116077;0.114799;0.140523;0.116446;0.085253
1969-02;0.125814;0.128886;0.207197;0.155448;0.145098;0.166335;0.007620;0.051272;0.012330;0.000000
1969-03;0.162610;0.208504;0.000000;0.000000;0.080854;0.000000;0.000000;0.160441;0.187374;0.200217
1969-04;0.066103;0.000000;0.000000;0.220734;0.336141;0.201563;0.000000;0.175459;0.000000;0.000000
1969-05;0.136556;0.039611;0.064239;0.100294;0.127547;0.050486;0.113491;0.184122;0.183655;0.000000
1969-06;0.000000;0.128390;0.000000;0.168075;0.237903;0.022422;0.134367;0.106062;0.202781;0.000000
1969-07;0.000000;0.049682;0.047025;0.041236;0.282790;0.232241;0.163336;0.108546;0.000000;0.075145
1969-08;0.000000;0.012764;0.000000;0.093902;0.134680;0.141845;0.119917;0.260450;0.236441;0.000000
1969-09;0.050359;0.020574;0.052088;0.109251;0.126671;0.152406;0.114585;0.201593;0.160135;0.012338
1969-10;0.109198;0.089859;0.115519;0.101976;0.115987;0.055050;0.000000;0.140615;0.011195;0.260601
1969-11;0.400000;0.400000;0.000000;0.000000;0.000000;0.000000;0.193560;0.000000;0.000000;0.006440
1969-12;0.120543;0.060007;0.009154;0.000000;0.000000;0.000000;0.185156;0.119836;0.129703;0.375601
1970-01;0.000000;0.000000;0.000000;0.133509;0.216772;0.191213;0.115879;0.216222;0.038018;0.088388
1970-02;0.052183;0.040245;0.053703;0.000000;0.084466;0.042030;0.230941;0.168889;0.241205;0.086338
1970-03;0.125880;0.000000;0.183531;0.093526;0.000000;0.113223;0.002798;0.089991;0.238671;0.152380
1970-04;0.310236;0.000000;0.000000;0.278302;0.049692;0.039885;0.070727;0.065056;0.098140;0.087961
1970-05;0.067858;0.096697;0.079517;0.142830;0.203077;0.141357;0.185682;0.082982;0.000000;0.000000
1970-06;0.000000;0.000000;0.000000;0.126409;0.229670;0.163281;0.180225;0.160956;0.139459;0.000000
1970-07;0.014208;0.016420;0.036557;0.058925;0.075137;0.100926;0.083667;0.145870;0.208610;0.259682
1970-08;0.055806;0.062004;0.103757;0.152923;0.195414;0.136670;0.110234;0.183191;0.000000;0.000000
1970-09;0.293680;0.297719;0.000000;0.000000;0.000000;0.000000;0.400000;0.000000;0.000000;0.008601
1970-10;0.227006;0.278652;0.000000;0.000000;0.173441;0.000000;0.106784;0.000000;0.214117;0.000000
1970-11;0.361525;0.063789;0.296277;0.000000;0.000000;0.050898;0.000000;0.227512;0.000000;0.000000
1970-12;0.126268;0.001419;0.027175;0.000000;0.400000;0.060803;0.000000;0.189161;0.195173;0.000000
1971-01;0.032567;0.009606;0.400000;0.000000;0.021811;0.004092;0.098897;0.033027;0.400000;0.000000
1971-02;0.013334;0.020790;0.055595;0.400000;0.000000;0.000000;0.000000;0.400000;0.000000;0.110281
1971-03;0.400000;0.000000;0.078907;0.000000;0.000000;0.000000;0.000000;0.122682;0.074968;0.323443
1971-04;0.000000;0.000000;0.039521;0.033785;0.060081;0.064493;0.111441;0.163168;0.192384;0.335128
1971-05;0.073193;0.054960;0.155755;0.096922;0.108206;0.159313;0.035116;0.112831;0.121917;0.081789
1971-06;0.018439;0.021804;0.028396;0.042185;0.076263;0.400000;0.000000;0.000000;0.340538;0.072375
1971-07;0.197993;0.114338;0.000000;0.000000;0.000000;0.000000;0.373342;0.000000;0.209000;0.105328
1971-08;0.227284;0.000000;0.000000;0.146573;0.000000;0.081965;0.089009;0.363261;0.082602;0.009307
1971-09;0.059915;0.074554;0.070549;0.137731;0.161979;0.177195;0.134969;0.160675;0.022434;0.000000
1971-10;0.065717;0.064746;0.053956;0.080244;0.000000;0.121290;0.219703;0.134259;0.092919;0.167167
1971-11;0.083150;0.126880;0.216224;0.252565;0.182523;0.098336;0.000000;0.040322;0.000000;0.000000
1971-12;0.212177;0.136568;0.000000;0.000000;0.144398;0.011818;0.105055;0.355471;0.000000;0.034512
1972-01;0.050010;0.000000;0.067675;0.082028;0.120266;0.184304;0.114477;0.164002;0.178296;0.038941
1972-02;0.259988;0.132198;0.148799;0.238354;0.000000;0.000000;0.206237;0.000000;0.014424;0.000000
1972-03;0.000000;0.335362;0.343294;0.106022;0.000000;0.000000;0.204818;0.000000;0.000000;0.010503
1972-04;0.253219;0.000000;0.000000;0.000000;0.000000;0.082412;0.302601;0.000000;0.314742;0.047026
1972-05;0.009384;0.000000;0.000000;0.000000;0.000000;0.097582;0.123892;0.400000;0.206409;0.162733
1972-06;0.009958;0.008659;0.003779;0.230982;0.256939;0.000000;0.000000;0.000000;0.400000;0.089684
1972-07;0.195900;0.000000;0.239060;0.000000;0.000000;0.000000;0.400000;0.000000;0.021715;0.143324
1972-08;0.400000;0.000000;0.000000;0.400000;0.000000;0.044581;0.017116;0.033468;0.031457;0.073378
1972-09;0.026536;0.063992;0.070485;0.110812;0.121478;0.113077;0.091939;0.118662;0.148517;0.134502
1972-10;0.053372;0.088102;0.068258;0.137388;0.132772;0.136398;0.140222;0.107409;0.136079;0.000000
1972-11;0.000000;0.004403;0.008950;0.000000;0.371368;0.349693;0.000000;0.000000;0.000000;0.265586
1972-12;0.057225;0.034657;0.010144;0.000000;0.000000;0.236994;0.032562;0.228418;0.400000;0.000000
1973-01;0.018994;0.013496;0.000000;0.273802;0.249168;0.000000;0.024171;0.038591;0.303718;0.078059
1973-02;0.014494;0.000000;0.003065;0.022928;0.400000;0.329463;0.001356;0.000000;0.000000;0.228695
1973-03;0.000000;0.202286;0.000000;0.005141;0.303660;0.241243;0.000000;0.000000;0.247670;0.000000
1973-04;0.381752;0.000000;0.000000;0.018872;0.015742;0.064068;0.021956;0.239460;0.097737;0.160413
1973-05;0.000000;0.000000;0.000000;0.169561;0.395886;0.034553;0.000000;0.000000;0.000000;0.400000
1973-06;0.000000;0.000000;0.000000;0.193888;0.396492;0.063979;0.086694;0.258948;0.000000;0.000000
1973-07;0.000000;0.000000;0.000000;0.039312;0.081967;0.053162;0.089267;0.120426;0.215867;0.400000
1973-08;0.024950;0.045065;0.075031;0.137657;0.152073;0.150463;0.111669;0.130095;0.102837;0.070159
1973-09;0.228949;0.125009;0.219865;0.145525;0.091693;0.036602;0.020594;0.131763;0.000000;0.000000
1973-10;0.071953;0.180769;0.139641;0.000000;0.120800;0.000000;0.142382;0.038674;0.000000;0.305781
1973-11;0.071280;0.000000;0.000000;0.000000;0.000000;0.041341;0.132622;0.217298;0.137458;0.400000
1973-12;0.000000;0.000000;0.126680;0.356245;0.267729;0.198083;0.030686;0.000000;0.000000;0.020577
1974-01;0.000000;0.000000;0.000000;0.000000;0.232759;0.000000;0.000000;0.176532;0.400000;0.190709
1974-02;0.000000;0.000000;0.000000;0.038935;0.061635;0.093540;0.123890;0.181713;0.232725;0.267563
1974-03;0.242145;0.118781;0.280398;0.174601;0.080088;0.012889;0.000000;0.000000;0.000000;0.091098
1974-04;0.238404;0.400000;0.058783;0.000000;0.136135;0.000000;0.166677;0.000000;0.000000;0.000000
1974-05;0.000000;0.000000;0.000000;0.000000;0.091514;0.145026;0.148266;0.164748;0.227019;0.223427
1974-06;0.000000;0.056620;0.208495;0.157323;0.136596;0.174151;0.025698;0.123790;0.117328;0.000000
1974-07;0.152722;0.143135;0.155218;0.188618;0.083366;0.053253;0.000000;0.157344;0.066344;0.000000
1974-08;0.400000;0.000000;0.334090;0.000000;0.105840;0.036236;0.052695;0.032688;0.024715;0.013735
1974-09;0.000000;0.000000;0.023313;0.125649;0.118805;0.150292;0.129127;0.252477;0.087716;0.112622
1974-10;0.132459;0.077016;0.122231;0.169004;0.099727;0.153364;0.011146;0.149261;0.000000;0.085791
1974-11;0.000000;0.000000;0.059366;0.091615;0.143582;0.107620;0.165105;0.186128;0.119016;0.127568
1974-12;0.135263;0.123847;0.195857;0.168511;0.075536;0.113120;0.071091;0.000000;0.031681;0.085094
1975-01;0.382661;0.275926;0.000000;0.225560;0.115852;0.000000;0.000000;0.000000;0.000000;0.000000
1975-02;0.000000;0.000000;0.000000;0.024976;0.148868;0.040428;0.168013;0.178967;0.126004;0.312743
1975-03;0.100206;0.025351;0.104518;0.097735;0.098672;0.081510;0.115665;0.121315;0.091946;0.163080
1975-04;0.286719;0.318740;0.254917;0.102351;0.037273;0.000000;0.000000;0.000000;0.000000;0.000000
1975-05;0.009488;0.400000;0.182791;0.000000;0.000000;0.000000;0.400000;0.000000;0.007721;0.000000
1975-06;0.400000;0.000000;0.000000;0.110635;0.000000;0.135370;0.002953;0.331132;0.012080;0.007830
1975-07;0.231339;0.137867;0.160967;0.000000;0.000000;0.000000;0.000000;0.078342;0.210500;0.180985
1975-08;0.206379;0.225110;0.062191;0.149169;0.036556;0.049296;0.090065;0.181234;0.000000;0.000000
1975-09;0.146907;0.000000;0.400000;0.064779;0.057058;0.064687;0.065823;0.032711;0.075636;0.092399
1975-10;0.020965;0.059565;0.030075;0.053002;0.052989;0.074191;0.006617;0.139190;0.266606;0.296799
1975-11;0.025660;0.070559;0.099469;0.171134;0.134610;0.223862;0.049952;0.224754;0.000000;0.000000
1975-12;0.037229;0.288849;0.000000;0.400000;0.003137;0.000000;0.118335;0.000000;0.000000;0.152451
1976-01;0.229987;0.111776;0.000000;0.202493;0.099797;0.094486;0.027344;0.114140;0.000000;0.119977
1976-02;0.000000;0.000000;0.000000;0.079149;0.089166;0.105642;0.183955;0.208796;0.176437;0.156854
1976-03;0.098279;0.067404;0.108210;0.121695;0.061119;0.082535;0.074025;0.236554;0.113536;0.036644
1976-04;0.000000;0.400000;0.400000;0.000000;0.113867;0.086133;0.000000;0.000000;0.000000;0.000000
1976-05;0.267092;0.103879;0.000000;0.000000;0.000000;0.000000;0.266457;0.000000;0.269809;0.092763
1976-06;0.364052;0.000000;0.000000;0.115317;0.014971;0.210319;0.000000;0.207734;0.087607;0.000000
1976-07;0.000000;0.000000;0.000000;0.018331;0.000000;0.128178;0.210943;0.176128;0.193209;0.273211
1976-08;0.000000;0.053658;0.000000;0.000000;0.087678;0.158200;0.174111;0.211530;0.106575;0.208247
1976-09;0.000000;0.400000;0.000000;0.144476;0.148802;0.119894;0.107083;0.009601;0.070145;0.000000
1976-10;0.027756;0.073934;0.098616;0.089157;0.068446;0.134842;0.063760;0.076205;0.218547;0.148737
1976-11;0.114599;0.097503;0.137916;0.145513;0.122927;0.216646;0.000000;0.164896;0.000000;0.000000
1976-12;0.000000;0.400000;0.400000;0.000000;0.000000;0.000000;0.000000;0.190541;0.000000;0.009459
1977-01;0.294692;0.037992;0.066023;0.000000;0.000000;0.058661;0.071695;0.226095;0.181446;0.063396
1977-02;0.370263;0.000000;0.000000;0.329839;0.170263;0.077273;0.010607;0.013475;0.011248;0.017032
1977-03;0.000000;0.000000;0.022212;0.119581;0.250886;0.184954;0.190041;0.152036;0.006320;0.073970
1977-04;0.386811;0.000000;0.000000;0.000000;0.000000;0.320561;0.180980;0.081366;0.024287;0.005995
1977-05;0.400000;0.000000;0.000000;0.032021;0.000000;0.236937;0.000000;0.233221;0.092762;0.005059
1977-06;0.134415;0.321187;0.000000;0.115270;0.000000;0.109351;0.000000;0.313895;0.000000;0.005882
1977-07;0.400000;0.000000;0.000000;0.400000;0.059854;0.003563;0.050843;0.040605;0.009047;0.036088
1977-08;0.303117;0.000000;0.109856;0.000000;0.052984;0.099500;0.027721;0.159228;0.184671;0.062923
1977-09;0.145996;0.120935;0.223883;0.200105;0.141434;0.167647;0.000000;0.000000;0.000000;0.000000
1977-10;0.012817;0.400000;0.184478;0.000000;0.133262;0.000000;0.000000;0.250399;0.017642;0.001402
1977-11;0.193827;0.089683;0.000000;0.000000;0.006464;0.000000;0.000000;0.400000;0.302154;0.007872
1977-12;0.400000;0.000000;0.030066;0.075254;0.153253;0.080120;0.090517;0.057064;0.062798;0.050930
1978-01;0.304146;0.000000;0.000000;0.077326;0.000000;0.149645;0.133583;0.219072;0.061398;0.054829
1978-02;0.000000;0.000000;0.257248;0.239652;0.202648;0.094064;0.105396;0.013807;0.044617;0.042566
1978-03;0.000000;0.000000;0.000000;0.075285;0.285987;0.314059;0.152371;0.049339;0.046891;0.076068
1978-04;0.044612;0.000000;0.116543;0.101966;0.098636;0.197096;0.094560;0.053613;0.101883;0.191092
1978-05;0.400000;0.000000;0.079070;0.000000;0.000000;0.006285;0.245299;0.071375;0.099269;0.098702
1978-06;0.000000;0.400000;0.000000;0.000000;0.175322;0.000000;0.000000;0.000000;0.400000;0.024678
1978-07;0.400000;0.000000;0.000000;0.000000;0.400000;0.099840;0.047255;0.024428;0.020054;0.008423
1978-08;0.171777;0.000000;0.052462;0.073083;0.000000;0.100988;0.060342;0.180122;0.137384;0.223842
1978-09;0.211603;0.096048;0.076245;0.131845;0.000000;0.117109;0.000000;0.152764;0.158477;0.055909
1978-10;0.084893;0.006356;0.400000;0.000000;0.000000;0.147213;0.236148;0.000000;0.125390;0.000000
1978-11;0.000000;0.132078;0.000000;0.110990;0.156924;0.152424;0.206163;0.019862;0.105579;0.115981
1978-12;0.000000;0.088342;0.037397;0.078582;0.143784;0.139184;0.114564;0.152663;0.135108;0.110376
1979-01;0.080439;0.048558;0.095734;0.119773;0.119749;0.153638;0.073841;0.085147;0.134518;0.088602
1979-02;0.114945;0.270768;0.056975;0.000000;0.157313;0.000000;0.400000;0.000000;0.000000;0.000000
1979-03;0.176067;0.227516;0.000000;0.000000;0.000000;0.000000;0.107159;0.072436;0.073152;0.343670
1979-04;0.000000;0.197071;0.400000;0.072487;0.124911;0.077273;0.052446;0.043413;0.009520;0.022879
1979-05;0.185147;0.059669;0.147229;0.125746;0.081395;0.148083;0.000000;0.212652;0.040079;0.000000
1979-06;0.151028;0.198291;0.249167;0.400000;0.000000;0.000000;0.000000;0.000000;0.000000;0.001514
1979-07;0.400000;0.000000;0.000000;0.000000;0.022526;0.000000;0.308780;0.208598;0.060096;0.000000
1979-08;0.125234;0.000000;0.000000;0.100266;0.000000;0.074380;0.051256;0.259800;0.134778;0.254286
1979-09;0.261488;0.083205;0.107083;0.212975;0.086731;0.050641;0.105251;0.092625;0.000000;0.000000
1979-10;0.254629;0.245939;0.276586;0.000000;0.052181;0.000000;0.079245;0.000000;0.091421;0.000000
1979-11;0.035837;0.000000;0.107292;0.172539;0.195939;0.145416;0.067640;0.000000;0.275337;0.000000
1979-12;0.000000;0.000000;0.026241;0.090301;0.167107;0.221360;0.169082;0.176662;0.138901;0.010346
1980-01;0.097463;0.055515;0.080379;0.114146;0.102499;0.126820;0.115611;0.151292;0.156276;0.000000
1980-02;0.000000;0.400000;0.000000;0.000000;0.196821;0.000000;0.318365;0.003456;0.077401;0.003956
1980-03;0.000000;0.400000;0.000000;0.000000;0.376514;0.049179;0.000000;0.048577;0.033493;0.092236
1980-04;0.000000;0.000000;0.000000;0.128248;0.179437;0.182445;0.173877;0.183277;0.124360;0.028355
1980-05;0.000000;0.000000;0.002568;0.074427;0.107222;0.153751;0.092684;0.193670;0.375679;0.000000
1980-06;0.073027;0.049860;0.071972;0.108183;0.112502;0.135223;0.104931;0.155672;0.048251;0.140380
1980-07;0.025512;0.375594;0.000000;0.000000;0.075660;0.000000;0.400000;0.085658;0.000000;0.037575
1980-08;0.185172;0.327918;0.000000;0.000000;0.000000;0.000000;0.129794;0.000000;0.152728;0.204388
1980-09;0.000000;0.000000;0.000000;0.000000;0.000000;0.117701;0.082004;0.110375;0.289920;0.400000
1980-10;0.317834;0.128433;0.339115;0.158513;0.003069;0.044984;0.000000;0.000000;0.000000;0.008053
1980-11;0.019188;0.073135;0.400000;0.000000;0.000000;0.000000;0.000000;0.147012;0.360666;0.000000
1980-12;0.400000;0.000000;0.000000;0.171159;0.000000;0.165817;0.107018;0.015221;0.140786;0.000000
1981-01;0.400000;0.131801;0.000000;0.104271;0.000000;0.052229;0.064694;0.028544;0.119855;0.098606
1981-02;0.000000;0.045812;0.015490;0.155828;0.185680;0.164984;0.171510;0.260696;0.000000;0.000000
1981-03;0.000000;0.000000;0.000000;0.016217;0.080577;0.090128;0.061421;0.155817;0.195840;0.400000
1981-04;0.002718;0.057594;0.000000;0.108584;0.058457;0.227256;0.000000;0.000000;0.145392;0.400000
1981-05;0.063648;0.050031;0.022798;0.400000;0.000000;0.000000;0.062394;0.106460;0.294669;0.000000
1981-06;0.094690;0.262489;0.000000;0.000000;0.284279;0.000000;0.348429;0.008196;0.000000;0.001918
