month  ;     ME1;     ME2;     ME3;     ME4;     ME5;     ME6;     ME7;     ME8;     ME9;    ME10
1947-08;0.168286;0.121788;0.108495;0.106790;0.105171;0.111725;0.092872;0.092700;0.064409;0.027764
1947-09;0.400000;0.400000;0.001068;0.000000;0.198932;0.000000;0.000000;0.000000;0.000000;0.000000
1947-10;0.400000;0.400000;0.000000;0.000000;0.137064;0.000000;0.000000;0.000000;0.000000;0.062936
1947-11;0.400000;0.055974;0.067055;0.000000;0.000000;0.046008;0.000000;0.120379;0.133884;0.176700
1947-12;0.400000;0.400000;0.000000;0.000000;0.000000;0.000000;0.000000;0.000000;0.000000;0.200000
1948-01;0.100000;0.100000;0.100000;0.100000;0.100000;0.100000;0.100000;0.100000;0.100000;0.100000
1948-02;0.000000;0.000000;0.000000;0.000000;0.040031;0.075636;0.217192;0.162370;0.279891;0.224879
1948-03;0.145684;0.072850;0.111081;0.139942;0.076010;0.150501;0.106242;0.098220;0.056344;0.043125
1948-04;0.147734;0.115508;0.115441;0.097722;0.088895;0.132799;0.080997;0.072559;0.077432;0.070913
1948-05;0.137197;0.088367;0.084713;0.101684;0.101674;0.122975;0.119620;0.080686;0.096776;0.066307
1948-06;0.100000;0.100000;0.100000;0.100000;0.100000;0.100000;0.100000;0.100000;0.100000;0.100000
1948-07;0.400000;0.400000;0.025000;0.025000;0.025000;0.025000;0.025000;0.025000;0.025000;0.025000
1948-08;0.025000;0.025000;0.025000;0.025000;0.025000;0.025000;0.400000;0.025000;0.400000;0.025000
1948-09;0.400000;0.025000;0.025000;0.025000;0.025000;0.025000;0.025000;0.025000;0.025000;0.400000
1948-10;0.258977;0.126423;0.025849;0.024957;0.081286;0.077685;0.048748;0.074965;0.144135;0.136975
1948-11;0.000000;0.000000;0.000000;0.000000;0.000000;0.000000;0.238883;0.000000;0.361117;0.400000
1948-12;0.119663;0.120190;0.081111;0.100884;0.091823;0.108660;0.120268;0.097060;0.094964;0.065378
1949-01;0.089475;0.082384;0.114911;0.143178;0.114739;0.174196;0.109748;0.111040;0.050004;0.010326
1949-02;0.140497;0.099277;0.098645;0.088736;0.081727;0.092549;0.101585;0.074901;0.111404;0.110679
1949-03;0.308251;0.204936;0.161229;0.157140;0.080008;0.056088;0.000000;0.032349;0.000000;0.000000
1949-04;0.100000;0.100000;0.100000;0.100000;0.100000;0.100000;0.100000;0.100000;0.100000;0.100000
1949-05;0.180418;0.053480;0.087342;0.114908;0.077104;0.130578;0.096766;0.067775;0.092574;0.099056
1949-06;0.100000;0.100000;0.100000;0.100000;0.100000;0.100000;0.100000;0.100000;0.100000;0.100000
1949-07;0.400000;0.400000;0.025000;0.025000;0.025000;0.025000;0.025000;0.025000;0.025000;0.025000
1949-08;0.178328;0.017868;0.071388;0.073150;0.110291;0.157334;0.101095;0.082554;0.091999;0.115994
1949-09;0.400000;0.320315;0.119008;0.000000;0.000000;0.000000;0.000000;0.000000;0.000000;0.160677
1949-10;0.400000;0.400000;0.200000;0.000000;0.000000;0.000000;0.000000;0.000000;0.000000;0.000000
1949-11;0.100000;0.100000;0.100000;0.100000;0.100000;0.100000;0.100000;0.100000;0.100000;0.100000
1949-12;0.265780;0.216601;0.124940;0.074985;0.082982;0.072242;0.007137;0.000000;0.073184;0.082148
1950-01;0.400000;0.400000;0.200000;0.000000;0.000000;0.000000;0.000000;0.000000;0.000000;0.000000
1950-02;0.400000;0.000000;0.000000;0.000000;0.000000;0.000000;0.000000;0.008965;0.326865;0.264170
1950-03;0.288793;0.093636;0.068925;0.095607;0.076715;0.089661;0.057244;0.054039;0.079182;0.096197
1950-04;0.316852;0.023056;0.000000;0.000000;0.000000;0.000000;0.193320;0.034020;0.187246;0.245506
1950-05;0.069007;0.074810;0.051808;0.124805;0.156110;0.161100;0.097279;0.072065;0.098711;0.094305
1950-06;0.244515;0.127283;0.116271;0.106987;0.105417;0.074807;0.069323;0.007927;0.082156;0.065315
1950-07;0.182484;0.127719;0.069771;0.105872;0.073532;0.098387;0.125283;0.066874;0.087229;0.062850
1950-08;0.000000;0.000000;0.000000;0.028614;0.117470;0.310667;0.224426;0.184815;0.093231;0.040776
1950-09;0.081661;0.066566;0.072278;0.126590;0.109297;0.142218;0.101067;0.121370;0.094862;0.084091
1950-10;0.395156;0.364972;0.000000;0.000000;0.000000;0.000000;0.000000;0.000000;0.046099;0.193774
1950-11;0.400000;0.066667;0.066667;0.066667;0.066667;0.066667;0.066667;0.066667;0.066667;0.066667
1950-12;0.000000;0.000000;0.000000;0.000000;0.000000;0.244852;0.185289;0.086334;0.160313;0.323213
1951-01;0.152968;0.095926;0.063553;0.112356;0.066091;0.105333;0.100902;0.105536;0.108127;0.089208
1951-02;0.330050;0.285285;0.078195;0.205749;0.037310;0.000000;0.029712;0.000000;0.000000;0.033699
1951-03;0.100000;0.100000;0.100000;0.100000;0.100000;0.100000;0.100000;0.100000;0.100000;0.100000
1951-04;0.212209;0.121155;0.041974;0.066094;0.070260;0.117883;0.103653;0.072767;0.123257;0.070748
1951-05;0.143615;0.068540;0.086767;0.110013;0.078467;0.130180;0.089390;0.110230;0.097407;0.085392
1951-06;0.112186;0.078467;0.071339;0.094691;0.114097;0.108745;0.105629;0.095119;0.112270;0.107456
1951-07;0.276408;0.220248;0.072848;0.124629;0.065983;0.103298;0.073321;0.008339;0.034466;0.020462
1951-08;0.044846;0.061370;0.063879;0.106946;0.072160;0.126927;0.136015;0.120086;0.121416;0.146355
1951-09;0.122053;0.097606;0.091431;0.122280;0.091759;0.131345;0.101311;0.101007;0.078317;0.062890
1951-10;0.400000;0.400000;0.200000;0.000000;0.000000;0.000000;0.000000;0.000000;0.000000;0.000000
1951-11;0.400000;0.400000;0.000000;0.000000;0.000000;0.000000;0.000000;0.000000;0.000000;0.200000
1951-12;0.000000;0.000000;0.000000;0.000000;0.000000;0.035606;0.122912;0.216812;0.225150;0.399520
1952-01;0.166071;0.096295;0.046112;0.121133;0.033729;0.078626;0.095424;0.121397;0.109793;0.131421
1952-02;0.400000;0.066667;0.066667;0.066667;0.066667;0.066667;0.066667;0.066667;0.066667;0.066667
1952-03;0.246656;0.000000;0.000000;0.000000;0.000000;0.000000;0.055184;0.000000;0.313754;0.384406
1952-04;0.156343;0.087968;0.088002;0.094081;0.080999;0.108422;0.098270;0.106494;0.090274;0.089147
1952-05;0.143854;0.093886;0.074062;0.112723;0.096782;0.106275;0.074932;0.098993;0.103357;0.095136
1952-06;0.256137;0.191076;0.210404;0.110886;0.131762;0.044060;0.055675;0.000000;0.000000;0.000000
1952-07;0.182477;0.078928;0.081392;0.058608;0.086894;0.085564;0.108082;0.094854;0.102542;0.120659
1952-08;0.400000;0.000000;0.000000;0.000000;0.000000;0.000000;0.269865;0.000000;0.078531;0.251604
1952-09;0.400000;0.066667;0.066667;0.066667;0.066667;0.066667;0.066667;0.066667;0.066667;0.066667
1952-10;0.400000;0.000000;0.000000;0.000000;0.000000;0.000000;0.148518;0.049118;0.142966;0.259397
1952-11;0.290216;0.000000;0.045180;0.000000;0.036092;0.069263;0.038380;0.125515;0.122355;0.272999
1952-12;0.144492;0.115379;0.069594;0.116184;0.070399;0.100549;0.069853;0.091369;0.118611;0.103570
1953-01;0.258969;0.090351;0.014354;0.106388;0.135461;0.052264;0.100446;0.056406;0.148027;0.037333
1953-02;0.400000;0.000000;0.000000;0.000000;0.000000;0.000000;0.353158;0.000000;0.000000;0.246842
1953-03;0.342667;0.144560;0.048012;0.008622;0.065459;0.078941;0.069743;0.097296;0.059636;0.085063
1953-04;0.339766;0.033642;0.040282;0.000000;0.093793;0.000000;0.053563;0.092444;0.132752;0.213758
1953-05;0.400000;0.195315;0.000000;0.000000;0.000000;0.000000;0.071136;0.000000;0.039889;0.293660
1953-06;0.400000;0.000000;0.000000;0.000000;0.116058;0.000000;0.087165;0.184481;0.064221;0.148076
1953-07;0.105484;0.000000;0.000000;0.043254;0.080171;0.100779;0.147488;0.143166;0.196752;0.182908
1953-08;0.111834;0.104815;0.066955;0.124558;0.094424;0.132845;0.112798;0.074957;0.105035;0.071778
1953-09;0.141889;0.097664;0.110010;0.132419;0.111196;0.115347;0.092058;0.073813;0.073138;0.052465
1953-10;0.211438;0.114537;0.177360;0.128103;0.110957;0.081601;0.086436;0.053622;0.018707;0.017238
1953-11;0.194186;0.110108;0.113627;0.091035;0.095871;0.095306;0.064389;0.080817;0.073254;0.081407
1953-12;0.400000;0.312188;0.000000;0.000000;0.033301;0.077758;0.176753;0.000000;0.000000;0.000000
1954-01;0.400000;0.066667;0.066667;0.066667;0.066667;0.066667;0.066667;0.066667;0.066667;0.066667
1954-02;0.400000;0.284071;0.000000;0.000000;0.000000;0.000000;0.000000;0.000000;0.075942;0.239988
1954-03;0.123988;0.005808;0.063420;0.092544;0.095833;0.149852;0.128379;0.083466;0.130290;0.126421
1954-04;0.400000;0.400000;0.025000;0.025000;0.025000;0.025000;0.025000;0.025000;0.025000;0.025000
1954-05;0.400000;0.000000;0.000000;0.000000;0.000000;0.000000;0.000000;0.000000;0.213410;0.386590
1954-06;0.000000;0.000000;0.000000;0.000000;0.058439;0.000000;0.141561;0.000000;0.400000;0.400000
1954-07;0.211143;0.121962;0.095777;0.103373;0.091003;0.055969;0.096530;0.090803;0.089604;0.043837
1954-08;0.311407;0.101871;0.119521;0.000000;0.040568;0.049990;0.081733;0.088042;0.091753;0.115115
1954-09;0.067419;0.053629;0.023524;0.050961;0.114017;0.111399;0.152526;0.096627;0.158617;0.171282
1954-10;0.208203;0.104344;0.079100;0.100014;0.084060;0.117815;0.074208;0.094848;0.059055;0.078354
1954-11;0.073957;0.062350;0.000000;0.060851;0.067202;0.112521;0.104967;0.135158;0.174512;0.208481
1954-12;0.000000;0.051461;0.027608;0.117306;0.132664;0.137113;0.148777;0.162417;0.124778;0.097877
1955-01;0.153816;0.099948;0.039883;0.119133;0.098569;0.098471;0.078461;0.092957;0.095537;0.123225
1955-02;0.070455;0.152976;0.000000;0.293272;0.169541;0.000000;0.161224;0.059922;0.066910;0.025700
1955-03;0.025000;0.025000;0.025000;0.025000;0.025000;0.025000;0.400000;0.025000;0.400000;0.025000
1955-04;0.195813;0.084698;0.061024;0.033167;0.078402;0.073737;0.113111;0.106619;0.126252;0.127176
1955-05;0.170130;0.213989;0.000000;0.223012;0.087827;0.000000;0.000000;0.000000;0.068194;0.236848
1955-06;0.083089;0.062784;0.000000;0.000000;0.000000;0.000000;0.199377;0.156057;0.098692;0.400000
1955-07;0.119328;0.089719;0.043308;0.092845;0.099640;0.116608;0.107010;0.127976;0.131939;0.071627
1955-08;0.000000;0.116488;0.000000;0.157534;0.115763;0.116249;0.082163;0.089608;0.169706;0.152488
1955-09;0.135819;0.184392;0.096192;0.142686;0.115193;0.130947;0.069917;0.046969;0.064806;0.013079
1955-10;0.207516;0.185868;0.000000;0.003632;0.104232;0.141497;0.117022;0.082173;0.125580;0.032481
1955-11;0.129319;0.160405;0.097152;0.083984;0.076328;0.110650;0.049706;0.063086;0.102454;0.126916
1955-12;0.185819;0.052809;0.091854;0.126120;0.050772;0.126134;0.090952;0.110039;0.104153;0.061348
1956-01;0.117382;0.059608;0.025304;0.052527;0.055847;0.085982;0.136708;0.131367;0.134441;0.200834
1956-02;0.290658;0.124454;0.123819;0.066952;0.090013;0.058522;0.088294;0.071360;0.008903;0.077026
1956-03;0.206126;0.000000;0.000000;0.000000;0.000000;0.001686;0.193962;0.095792;0.142348;0.360085
1956-04;0.099448;0.064840;0.059974;0.081502;0.076672;0.124333;0.117853;0.119915;0.114763;0.140699
1956-05;0.400000;0.400000;0.025000;0.025000;0.025000;0.025000;0.025000;0.025000;0.025000;0.025000
1956-06;0.400000;0.341806;0.000000;0.000000;0.088379;0.000000;0.169815;0.000000;0.000000;0.000000
1956-07;0.080606;0.000000;0.029618;0.040462;0.069217;0.131550;0.135555;0.166735;0.170386;0.175872
1956-08;0.096233;0.060856;0.088299;0.103447;0.096309;0.117277;0.095535;0.097615;0.115725;0.128705
1956-09;0.377658;0.295967;0.027310;0.100776;0.134633;0.000000;0.063656;0.000000;0.000000;0.000000
1956-10;0.400000;0.106257;0.000000;0.000000;0.000000;0.000000;0.216465;0.000000;0.159385;0.117892
1956-11;0.097988;0.031394;0.031077;0.074292;0.066630;0.122031;0.122135;0.143801;0.134729;0.175923
1956-12;0.123664;0.102058;0.077973;0.099868;0.081011;0.108031;0.094592;0.113297;0.112473;0.087033
1957-01;0.400000;0.400000;0.025000;0.025000;0.025000;0.025000;0.025000;0.025000;0.025000;0.025000
1957-02;0.400000;0.126967;0.000000;0.000000;0.000000;0.000000;0.131972;0.001038;0.108535;0.231488
1957-03;0.083684;0.045531;0.047741;0.075173;0.084378;0.154215;0.119676;0.162559;0.129862;0.097181
1957-04;0.123194;0.043558;0.096345;0.088371;0.108253;0.107642;0.107674;0.115788;0.104051;0.105123
1957-05;0.273749;0.105123;0.123605;0.102948;0.126171;0.064580;0.078953;0.029771;0.067347;0.027754
1957-06;0.400000;0.400000;0.025000;0.025000;0.025000;0.025000;0.025000;0.025000;0.025000;0.025000
1957-07;0.337461;0.255498;0.000000;0.000000;0.000000;0.000000;0.156413;0.000000;0.250629;0.000000
1957-08;0.180255;0.000000;0.000000;0.087339;0.113750;0.153483;0.198169;0.064339;0.173661;0.029004
1957-09;0.082287;0.069222;0.047070;0.135772;0.087283;0.106711;0.106650;0.103669;0.137283;0.124053
1957-10;0.274054;0.078447;0.091860;0.085258;0.105888;0.108897;0.078027;0.026648;0.078656;0.072264
1957-11;0.138919;0.000000;0.000000;0.000000;0.000000;0.000000;0.158648;0.207959;0.113460;0.381014
1957-12;0.055910;0.051012;0.050612;0.113860;0.115404;0.122183;0.117796;0.123071;0.119012;0.131139
1958-01;0.205702;0.106170;0.127427;0.106317;0.106145;0.092714;0.071293;0.070503;0.063087;0.050642
1958-02;0.053463;0.096177;0.148586;0.243857;0.163002;0.083142;0.154599;0.019137;0.000000;0.038037
1958-03;0.152969;0.080411;0.108349;0.111723;0.115324;0.106335;0.101401;0.092583;0.051648;0.079258
1958-04;0.400000;0.066667;0.066667;0.066667;0.066667;0.066667;0.066667;0.066667;0.066667;0.066667
1958-05;0.400000;0.066667;0.066667;0.066667;0.066667;0.066667;0.066667;0.066667;0.066667;0.066667
1958-06;0.100000;0.100000;0.100000;0.100000;0.100000;0.100000;0.100000;0.100000;0.100000;0.100000
1958-07;0.400000;0.066667;0.066667;0.066667;0.066667;0.066667;0.066667;0.066667;0.066667;0.066667
1958-08;0.279288;0.293341;0.000000;0.000000;0.024412;0.016282;0.108979;0.044202;0.154481;0.079015
1958-09;0.182310;0.074108;0.079946;0.086994;0.116676;0.129123;0.089501;0.090133;0.111926;0.039283
1958-10;0.234789;0.176437;0.135711;0.115392;0.075740;0.063145;0.063763;0.038651;0.055230;0.041141
1958-11;0.174705;0.136044;0.097963;0.109293;0.081613;0.084198;0.089611;0.052964;0.094913;0.078696
1958-12;0.313311;0.150512;0.079847;0.000000;0.000000;0.000000;0.085669;0.092623;0.145533;0.132504
1959-01;0.255101;0.141009;0.093183;0.068171;0.068590;0.070678;0.063721;0.095054;0.070683;0.073812
1959-02;0.076690;0.000000;0.000000;0.000000;0.000000;0.000000;0.209664;0.000000;0.313646;0.400000
1959-03;0.140746;0.090329;0.040197;0.058337;0.129054;0.123595;0.103189;0.104572;0.114837;0.095145
1959-04;0.089202;0.091523;0.011109;0.073262;0.100417;0.102160;0.132174;0.154547;0.121170;0.124436
1959-05;0.140561;0.045176;0.000000;0.099878;0.084056;0.141138;0.129756;0.077663;0.107203;0.174567
1959-06;0.112936;0.117020;0.064013;0.131601;0.069980;0.114358;0.099364;0.096798;0.096337;0.097592
1959-07;0.018122;0.063269;0.020137;0.169467;0.097675;0.135701;0.171768;0.120929;0.141175;0.061758
1959-08;0.151442;0.085427;0.122465;0.101160;0.030664;0.062801;0.112862;0.111419;0.124014;0.097747
1959-09;0.114362;0.103068;0.077116;0.138486;0.075576;0.102300;0.087151;0.082535;0.100977;0.118428
1959-10;0.174390;0.134772;0.092268;0.123651;0.112791;0.139817;0.128201;0.074342;0.019163;0.000605
1959-11;0.070609;0.090319;0.074659;0.102817;0.112489;0.110221;0.107366;0.145797;0.108511;0.077213
1959-12;0.125099;0.061662;0.099489;0.101848;0.076444;0.104489;0.091447;0.128950;0.102935;0.107638
1960-01;0.400000;0.343968;0.207051;0.000000;0.000000;0.000000;0.000000;0.000000;0.000000;0.048982
1960-02;0.143814;0.134373;0.000000;0.004898;0.115278;0.198590;0.187729;0.000000;0.074297;0.141022
1960-03;0.000000;0.000000;0.000000;0.073829;0.104483;0.162093;0.172008;0.207095;0.145939;0.134553
1960-04;0.162158;0.061713;0.081865;0.110628;0.057323;0.106300;0.079815;0.105749;0.091723;0.142727
1960-05;0.400000;0.400000;0.200000;0.000000;0.000000;0.000000;0.000000;0.000000;0.000000;0.000000
1960-06;0.400000;0.000000;0.108689;0.000000;0.000000;0.000000;0.161487;0.195615;0.134209;0.000000
1960-07;0.204706;0.103604;0.114674;0.109296;0.073560;0.090519;0.055932;0.073031;0.076587;0.098090
1960-08;0.133535;0.195890;0.078062;0.151477;0.137927;0.056022;0.120867;0.093553;0.032668;0.000000
1960-09;0.099757;0.394619;0.000000;0.019683;0.278438;0.000000;0.184944;0.000000;0.022559;0.000000
1960-10;0.128839;0.084855;0.111108;0.098948;0.099018;0.099875;0.090897;0.071276;0.112812;0.102371
1960-11;0.000000;0.000000;0.000000;0.227979;0.084287;0.000000;0.158181;0.374569;0.029878;0.125106
1960-12;0.001689;0.000000;0.023261;0.104423;0.124577;0.152600;0.151555;0.143799;0.168662;0.129434
1961-01;0.181015;0.064945;0.070378;0.068370;0.132001;0.085908;0.108739;0.100058;0.119472;0.069115
1961-02;0.400000;0.400000;0.000000;0.200000;0.000000;0.000000;0.000000;0.000000;0.000000;0.000000
1961-03;0.400000;0.400000;0.000000;0.000000;0.000000;0.000000;0.200000;0.000000;0.000000;0.000000
1961-04;0.400000;0.134280;0.000000;0.000000;0.000000;0.012409;0.001729;0.065936;0.248341;0.137305
1961-05;0.400000;0.230626;0.095094;0.051055;0.017177;0.048409;0.012959;0.045834;0.029682;0.069164
1961-06;0.232734;0.000000;0.000000;0.000000;0.000000;0.000000;0.000000;0.000000;0.400000;0.367266
1961-07;0.129128;0.005368;0.000000;0.040000;0.097315;0.094912;0.065547;0.174271;0.216123;0.177337
1961-08;0.050662;0.060538;0.041703;0.113344;0.108177;0.144151;0.126213;0.130226;0.119538;0.105447
1961-09;0.073870;0.057930;0.082499;0.099455;0.108001;0.112572;0.109432;0.123424;0.122926;0.109891
1961-10;0.091996;0.126374;0.093566;0.121476;0.101577;0.096334;0.114548;0.112982;0.084507;0.056640
1961-11;0.121298;0.149449;0.135900;0.129426;0.114442;0.103865;0.109676;0.055066;0.039420;0.041458
1961-12;0.076193;0.115833;0.115037;0.115624;0.102182;0.077325;0.109704;0.104129;0.089290;0.094683
1962-01;0.232402;0.123721;0.157798;0.153953;0.068468;0.097202;0.050238;0.053031;0.044407;0.018780
1962-02;0.400000;0.066667;0.066667;0.066667;0.066667;0.066667;0.066667;0.066667;0.066667;0.066667
1962-03;0.000000;0.000000;0.000000;0.000000;0.000000;0.088567;0.181710;0.267424;0.202353;0.259947
1962-04;0.000000;0.000000;0.000000;0.063963;0.012353;0.106064;0.139132;0.162679;0.200288;0.315520
1962-05;0.235951;0.124814;0.120677;0.130461;0.085264;0.097977;0.033964;0.084291;0.075207;0.011396
1962-06;0.000000;0.000000;0.000000;0.000000;0.000000;0.153436;0.311767;0.193505;0.140069;0.201224
1962-07;0.000000;0.000000;0.000000;0.090966;0.126874;0.153163;0.134665;0.144386;0.157516;0.192430
1962-08;0.092392;0.074997;0.122280;0.141963;0.117250;0.129990;0.086356;0.099045;0.071723;0.064002
1962-09;0.163698;0.133959;0.167889;0.108253;0.118958;0.071517;0.084482;0.045357;0.043273;0.062614
1962-10;0.337691;0.325005;0.118759;0.039125;0.131354;0.000000;0.048066;0.000000;0.000000;0.000000
1962-11;0.066667;0.066667;0.066667;0.066667;0.066667;0.066667;0.400000;0.066667;0.066667;0.066667
1962-12;0.047765;0.072208;0.083715;0.149239;0.124414;0.151941;0.089717;0.106691;0.105380;0.068930
1963-01;0.384670;0.150436;0.203649;0.148215;0.079414;0.018073;0.011393;0.004150;0.000000;0.000000
1963-02;0.100000;0.100000;0.100000;0.100000;0.100000;0.100000;0.100000;0.100000;0.100000;0.100000
1963-03;0.186076;0.000000;0.000000;0.000000;0.097657;0.021608;0.188362;0.014693;0.230641;0.260963
1963-04;0.066212;0.034171;0.109262;0.137039;0.113638;0.120003;0.088417;0.126876;0.113883;0.090500
1963-05;0.340160;0.207674;0.167233;0.000000;0.033292;0.000000;0.000000;0.039744;0.080375;0.131522
1963-06;0.301679;0.180131;0.000000;0.000000;0.069065;0.019444;0.130105;0.000000;0.125218;0.174359
1963-07;0.095660;0.049631;0.045018;0.073098;0.095268;0.128966;0.115267;0.109821;0.160057;0.127214
1963-08;0.104186;0.139095;0.098308;0.127130;0.079082;0.111783;0.084187;0.108334;0.084723;0.063171
1963-09;0.052613;0.062971;0.115641;0.122200;0.114272;0.125488;0.104840;0.105334;0.100712;0.095930
1963-10;0.148698;0.161559;0.122090;0.100888;0.114960;0.079867;0.077657;0.064317;0.080032;0.049932
1963-11;0.157395;0.257264;0.145188;0.142367;0.098980;0.088446;0.020723;0.063005;0.026632;0.000000
1963-12;0.040365;0.000000;0.000000;0.000000;0.000000;0.000000;0.170175;0.057402;0.332058;0.400000
1964-01;0.120875;0.122334;0.085588;0.124559;0.114841;0.108201;0.087802;0.106043;0.083904;0.045853
1964-02;0.400000;0.400000;0.000000;0.000000;0.096537;0.000000;0.000000;0.000000;0.000000;0.103463
1964-03;0.286233;0.211747;0.080900;0.103431;0.000000;0.038989;0.000000;0.000000;0.114137;0.164563
1964-04;0.000000;0.000000;0.000000;0.043346;0.030870;0.000000;0.263733;0.287245;0.242711;0.132095
1964-05;0.144525;0.094182;0.054652;0.105208;0.135641;0.086220;0.090146;0.122200;0.087526;0.079700
1964-06;0.000000;0.000000;0.000000;0.000000;0.040232;0.131261;0.295673;0.000000;0.132834;0.400000
1964-07;0.151242;0.076691;0.041160;0.101701;0.057532;0.048259;0.132395;0.117393;0.147697;0.125931
1964-08;0.182337;0.105362;0.091436;0.056599;0.072073;0.105432;0.090668;0.075019;0.133993;0.087082
1964-09;0.172915;0.015830;0.000000;0.000000;0.000000;0.000000;0.193320;0.000000;0.217935;0.400000
1964-10;0.103190;0.096799;0.041601;0.114067;0.111651;0.094408;0.130398;0.127498;0.076236;0.104151
1964-11;0.094081;0.088966;0.050667;0.108943;0.094607;0.108417;0.128499;0.115025;0.114163;0.096632
1964-12;0.086609;0.118951;0.105597;0.146664;0.117838;0.093060;0.098281;0.095393;0.059795;0.077813
1965-01;0.400000;0.229876;0.000000;0.000000;0.000000;0.000000;0.083540;0.000000;0.020396;0.266188
1965-02;0.112052;0.051998;0.076512;0.154145;0.073996;0.092860;0.115751;0.110367;0.115023;0.097295
1965-03;0.158786;0.102918;0.120792;0.093867;0.074675;0.123845;0.080305;0.097306;0.088525;0.058981
1965-04;0.371061;0.166667;0.104751;0.000000;0.008022;0.013314;0.098002;0.072481;0.066326;0.099376
1965-05;0.004637;0.000000;0.000000;0.000000;0.049139;0.025903;0.202513;0.213906;0.151554;0.352347
1965-06;0.105689;0.084400;0.070936;0.102521;0.087186;0.100466;0.104148;0.106677;0.121241;0.116736
1965-07;0.172192;0.104525;0.108899;0.144829;0.113341;0.147661;0.075700;0.071723;0.061129;0.000000
1965-08;0.000000;0.000000;0.000000;0.000000;0.157325;0.184168;0.199812;0.131930;0.131854;0.194911
1965-09;0.092916;0.058647;0.079365;0.127387;0.109590;0.124101;0.109725;0.121790;0.097578;0.078901
1965-10;0.355540;0.235841;0.166009;0.092012;0.141520;0.000000;0.000000;0.000000;0.000000;0.009078
1965-11;0.400000;0.400000;0.025000;0.025000;0.025000;0.025000;0.025000;0.025000;0.025000;0.025000
1965-12;0.000000;0.077360;0.000000;0.000000;0.072071;0.000000;0.115789;0.149431;0.220279;0.365069
1966-01;0.196144;0.139771;0.167733;0.079807;0.072165;0.079023;0.046935;0.100884;0.058628;0.058909
1966-02;0.400000;0.234854;0.128779;0.000000;0.000000;0.000000;0.000000;0.000000;0.014340;0.222027
1966-03;0.114002;0.000000;0.000000;0.000000;0.000000;0.000000;0.000000;0.361206;0.255421;0.269371
1966-04;0.155141;0.071909;0.097229;0.103791;0.087720;0.122374;0.093360;0.105912;0.084159;0.078405
1966-05;0.087586;0.088248;0.117957;0.123133;0.087328;0.121408;0.076145;0.114638;0.100478;0.083078
1966-06;0.116207;0.081023;0.114324;0.132299;0.112379;0.125018;0.094532;0.082694;0.072800;0.068724
1966-07;0.066919;0.110161;0.045099;0.170201;0.160643;0.139545;0.120896;0.099244;0.069922;0.017371
1966-08;0.150824;0.083189;0.064395;0.135487;0.107232;0.110076;0.089172;0.122410;0.086107;0.051109
1966-09;0.045186;0.079118;0.098308;0.178752;0.117995;0.130192;0.114954;0.086885;0.081135;0.067474
1966-10;0.075134;0.158089;0.086030;0.106968;0.166806;0.122976;0.102650;0.166297;0.015051;0.000000
1966-11;0.105502;0.087399;0.112853;0.118691;0.104685;0.113159;0.101613;0.101804;0.090526;0.063767
1966-12;0.041739;0.121480;0.000000;0.189753;0.199569;0.012109;0.053688;0.094601;0.186611;0.100450
1967-01;0.400000;0.284773;0.245230;0.048987;0.000000;0.000000;0.021009;0.000000;0.000000;0.000000
1967-02;0.000000;0.000000;0.000000;0.000000;0.000000;0.200000;0.000000;0.400000;0.000000;0.400000
1967-03;0.249561;0.105322;0.158767;0.104312;0.038588;0.110948;0.020580;0.043896;0.080269;0.087757
1967-04;0.333370;0.238887;0.349457;0.048536;0.025280;0.004469;0.000000;0.000000;0.000000;0.000000
1967-05;0.025000;0.025000;0.025000;0.025000;0.025000;0.025000;0.025000;0.025000;0.400000;0.400000
1967-06;0.162812;0.084232;0.064980;0.074264;0.078729;0.082971;0.069859;0.110071;0.132779;0.139304
1967-07;0.201753;0.000000;0.035166;0.019890;0.074893;0.065041;0.196979;0.166083;0.139749;0.100446
1967-08;0.151341;0.105492;0.141006;0.117063;0.081330;0.096397;0.077551;0.072488;0.079626;0.077707
1967-09;0.108744;0.109971;0.115992;0.136301;0.106608;0.113542;0.076584;0.074646;0.082723;0.074889
1967-10;0.136690;0.158162;0.136383;0.142485;0.091993;0.125899;0.096695;0.049517;0.042187;0.019989
1967-11;0.158487;0.134628;0.125725;0.139677;0.069731;0.111539;0.101095;0.036960;0.063741;0.058418
1967-12;0.008956;0.079995;0.228815;0.090890;0.053417;0.117661;0.035355;0.116849;0.148214;0.119848
1968-01;0.173389;0.112043;0.128151;0.104601;0.087549;0.106704;0.087979;0.099640;0.065492;0.034452
1968-02;0.169197;0.091052;0.083341;0.242289;0.007155;0.224886;0.066543;0.000000;0.026878;0.088659
1968-03;0.069241;0.152235;0.110983;0.188879;0.097269;0.120090;0.059574;0.075405;0.052141;0.074183
1968-04;0.021383;0.089082;0.000000;0.072217;0.108220;0.141565;0.139584;0.175195;0.126260;0.126493
1968-05;0.065691;0.058737;0.126363;0.154759;0.111581;0.152617;0.124225;0.082326;0.075570;0.048129
1968-06;0.274904;0.185410;0.191587;0.136771;0.069840;0.046377;0.022902;0.011515;0.027438;0.033256
1968-07;0.100000;0.100000;0.100000;0.100000;0.100000;0.100000;0.100000;0.100000;0.100000;0.100000
1968-08;0.000000;0.000000;0.000000;0.000000;0.000000;0.000000;0.364563;0.125226;0.229256;0.280955
1968-09;0.067958;0.138491;0.090617;0.168211;0.130070;0.138515;0.023448;0.107872;0.086191;0.048627
1968-10;0.361925;0.140824;0.192333;0.120510;0.105995;0.028529;0.007997;0.017784;0.024104;0.000000
1968-11;0.194370;0.144317;0.000000;0.000000;0.019782;0.000000;0.156799;0.141522;0.167821;0.175389
1968-12;0.099663;0.065257;0.000000;0.078786;0.067440;0.189378;0.140919;0.103833;0.116330;0.138396
1969-01;0.142682;0.118274;0.109978;0.122357;0.083002;0.115082;0.098606;0.092449;0.067309;0.050261
1969-02;0.144442;0.145385;0.184873;0.139743;0.098036;0.114285;0.048936;0.056171;0.040835;0.027295
1969-03;0.209373;0.153629;0.000000;0.000000;0.072220;0.000000;0.000000;0.141579;0.183326;0.239873
1969-04;0.045194;0.073107;0.021478;0.137685;0.151590;0.135037;0.101495;0.140175;0.108934;0.085305
1969-05;0.164144;0.093721;0.111792;0.121884;0.105605;0.083085;0.091936;0.101472;0.085467;0.040895
1969-06;0.000000;0.173030;0.021921;0.211770;0.130326;0.061762;0.171023;0.092001;0.137714;0.000453
1969-07;0.060946;0.088977;0.089559;0.088219;0.193412;0.171322;0.136210;0.086440;0.033289;0.051625
1969-08;0.007054;0.095098;0.069528;0.146024;0.144345;0.151916;0.120265;0.117537;0.093312;0.054919
1969-09;0.118284;0.078537;0.103515;0.137312;0.122474;0.129012;0.088629;0.114290;0.069213;0.038735
1969-10;0.203266;0.127143;0.140948;0.101643;0.105949;0.073288;0.041831;0.083731;0.046983;0.075218
1969-11;0.100000;0.100000;0.100000;0.100000;0.100000;0.100000;0.100000;0.100000;0.100000;0.100000
1969-12;0.245981;0.112079;0.069569;0.016277;0.032553;0.040872;0.155825;0.095315;0.091265;0.140263
1970-01;0.000000;0.045886;0.069945;0.161565;0.178413;0.166121;0.117775;0.139112;0.062700;0.058482
1970-02;0.400000;0.025000;0.025000;0.025000;0.025000;0.025000;0.025000;0.025000;0.025000;0.400000
1970-03;0.179456;0.069585;0.155218;0.090456;0.068941;0.099873;0.063106;0.083149;0.111606;0.078612
1970-04;0.000000;0.000000;0.000000;0.013423;0.046606;0.111482;0.147875;0.242819;0.205982;0.231814
1970-05;0.131671;0.124389;0.109883;0.142684;0.147936;0.131391;0.120282;0.075568;0.016195;0.000000
1970-06;0.000000;0.000000;0.000000;0.181514;0.248536;0.186901;0.175511;0.119539;0.087999;0.000000
1970-07;0.098472;0.091398;0.112482;0.120558;0.110397;0.113492;0.090052;0.087713;0.097060;0.078376
1970-08;0.102894;0.098200;0.132518;0.147070;0.144036;0.108899;0.085495;0.114053;0.037553;0.029281
1970-09;0.400000;0.257097;0.000000;0.000000;0.000000;0.000000;0.342903;0.000000;0.000000;0.000000
1970-10;0.400000;0.066667;0.066667;0.066667;0.066667;0.066667;0.066667;0.066667;0.066667;0.066667
1970-11;0.400000;0.092596;0.267579;0.034483;0.007911;0.062570;0.000000;0.107828;0.010891;0.016143
1970-12;0.260221;0.058357;0.081059;0.000000;0.294239;0.083158;0.000000;0.125076;0.097890;0.000000
1971-01;0.400000;0.000000;0.016336;0.000000;0.087328;0.002097;0.161320;0.147780;0.185140;0.000000
1971-02;0.400000;0.222479;0.242624;0.074177;0.000000;0.000000;0.015011;0.024581;0.001754;0.019374
1971-03;0.400000;0.066667;0.066667;0.066667;0.066667;0.066667;0.066667;0.066667;0.066667;0.066667
1971-04;0.000000;0.049702;0.087910;0.091671;0.103321;0.107508;0.129730;0.140309;0.150356;0.139493
1971-05;0.123932;0.110931;0.142043;0.118584;0.112175;0.127063;0.069051;0.075356;0.071665;0.049201
1971-06;0.203778;0.166091;0.157959;0.115026;0.104516;0.090195;0.052303;0.038588;0.040050;0.031495
1971-07;0.130166;0.122433;0.000000;0.005827;0.000000;0.047081;0.209150;0.071305;0.175575;0.238463
1971-08;0.033224;0.025021;0.028939;0.094228;0.036258;0.111217;0.141492;0.190408;0.174415;0.164797
1971-09;0.115115;0.112379;0.113693;0.132789;0.104428;0.134114;0.100305;0.100725;0.053209;0.033242
1971-10;0.161029;0.127562;0.117932;0.112116;0.068988;0.106135;0.111394;0.081707;0.059705;0.053433
1971-11;0.165813;0.144592;0.133149;0.111633;0.120148;0.098089;0.071206;0.070411;0.051870;0.033089
1971-12;0.209505;0.132450;0.072355;0.056576;0.121748;0.080865;0.090172;0.124016;0.054829;0.057483
1972-01;0.126545;0.081746;0.124822;0.107487;0.112414;0.132374;0.092885;0.085450;0.085364;0.050913
1972-02;0.370195;0.141303;0.173424;0.115780;0.011372;0.045739;0.079208;0.030619;0.032360;0.000000
1972-03;0.100000;0.100000;0.100000;0.100000;0.100000;0.100000;0.100000;0.100000;0.100000;0.100000
1972-04;0.025000;0.025000;0.025000;0.025000;0.025000;0.025000;0.025000;0.025000;0.400000;0.400000
1972-05;0.056690;0.013394;0.034376;0.074795;0.061032;0.151808;0.124729;0.200924;0.147427;0.134824
1972-06;0.400000;0.361742;0.173076;0.033977;0.000000;0.000000;0.000000;0.000000;0.020376;0.010829
1972-07;0.000000;0.000000;0.000000;0.000000;0.000000;0.000000;0.400000;0.000000;0.200000;0.400000
1972-08;0.134955;0.095518;0.061052;0.101116;0.068623;0.125685;0.100749;0.088842;0.121582;0.101877
1972-09;0.101305;0.116044;0.112525;0.122156;0.109669;0.110438;0.087738;0.089421;0.096317;0.054386
1972-10;0.141158;0.165149;0.112300;0.128766;0.105042;0.099096;0.090933;0.064692;0.062112;0.030752
1972-11;0.226135;0.236189;0.161898;0.119113;0.108016;0.103076;0.013208;0.000000;0.000000;0.032365
1972-12;0.153503;0.122502;0.109790;0.093734;0.088387;0.109185;0.100286;0.089642;0.080328;0.052642
1973-01;0.189623;0.093487;0.032722;0.086150;0.088354;0.043123;0.161023;0.152517;0.087248;0.065754
1973-02;0.066667;0.066667;0.066667;0.400000;0.066667;0.066667;0.066667;0.066667;0.066667;0.066667
1973-03;0.025000;0.025000;0.025000;0.025000;0.025000;0.025000;0.025000;0.025000;0.400000;0.400000
1973-04;0.000000;0.000000;0.000000;0.067721;0.096733;0.100446;0.151121;0.144974;0.274705;0.164301
1973-05;0.079497;0.073480;0.018038;0.144250;0.181880;0.107895;0.062057;0.056969;0.087068;0.188866
1973-06;0.000000;0.000000;0.000000;0.190406;0.400000;0.017376;0.078953;0.313265;0.000000;0.000000
1973-07;0.000000;0.012573;0.027397;0.109535;0.123305;0.119023;0.166602;0.143715;0.177963;0.119887
1973-08;0.091961;0.098626;0.120929;0.160100;0.124337;0.121087;0.094086;0.089105;0.065859;0.033911
1973-09;0.266249;0.134127;0.189961;0.124077;0.081555;0.057387;0.045721;0.075506;0.009873;0.015543
1973-10;0.100000;0.100000;0.100000;0.100000;0.100000;0.100000;0.100000;0.100000;0.100000;0.100000
1973-11;0.188968;0.016572;0.046755;0.044784;0.075732;0.099456;0.153526;0.171399;0.100132;0.102677
1973-12;0.060197;0.000000;0.151877;0.316609;0.181330;0.166466;0.060366;0.034084;0.000000;0.029073
1974-01;0.100000;0.100000;0.100000;0.100000;0.100000;0.100000;0.100000;0.100000;0.100000;0.100000
1974-02;0.068813;0.042848;0.058506;0.111241;0.115361;0.131923;0.136698;0.140845;0.106584;0.087179
1974-03;0.326455;0.129343;0.264900;0.148695;0.068387;0.034680;0.000000;0.000000;0.000000;0.027540
1974-04;0.353871;0.400000;0.080634;0.000000;0.083540;0.000000;0.081955;0.000000;0.000000;0.000000
1974-05;0.000000;0.000000;0.000000;0.000000;0.138663;0.159521;0.230315;0.162870;0.217215;0.091416
1974-06;0.075502;0.107580;0.168725;0.136368;0.116294;0.131258;0.069936;0.087615;0.074386;0.032336
1974-07;0.241708;0.199355;0.196346;0.133092;0.066780;0.057397;0.000000;0.063115;0.042207;0.000000
1974-08;0.100000;0.100000;0.100000;0.100000;0.100000;0.100000;0.100000;0.100000;0.100000;0.100000
1974-09;0.061587;0.050632;0.076693;0.112739;0.103000;0.140326;0.117499;0.192638;0.083101;0.061786
1974-10;0.172944;0.113020;0.135063;0.151386;0.088143;0.125793;0.051762;0.101776;0.018199;0.041916
1974-11;0.019444;0.026018;0.106571;0.119246;0.139593;0.113261;0.148427;0.149686;0.095897;0.081857
1974-12;0.183702;0.136824;0.154052;0.106854;0.088136;0.091482;0.077826;0.046563;0.055699;0.058863
1975-01;0.400000;0.400000;0.025000;0.025000;0.025000;0.025000;0.025000;0.025000;0.025000;0.025000
1975-02;0.000000;0.000000;0.000000;0.076028;0.209983;0.078839;0.206084;0.158540;0.100109;0.170417
1975-03;0.178976;0.080158;0.134872;0.115269;0.106014;0.087923;0.096927;0.086503;0.059849;0.053509
1975-04;0.100000;0.100000;0.100000;0.100000;0.100000;0.100000;0.100000;0.100000;0.100000;0.100000
1975-05;0.100000;0.100000;0.100000;0.100000;0.100000;0.100000;0.100000;0.100000;0.100000;0.100000
1975-06;0.000000;0.000000;0.000000;0.000000;0.000000;0.000000;0.097833;0.157821;0.400000;0.344345
1975-07;0.279408;0.152978;0.168699;0.047299;0.000000;0.035290;0.024409;0.072115;0.126626;0.093176
1975-08;0.175270;0.164137;0.107698;0.104466;0.090564;0.089141;0.095411;0.114855;0.058458;0.000000
1975-09;0.000000;0.000000;0.000000;0.031444;0.135737;0.145899;0.182659;0.095505;0.182211;0.226545
1975-10;0.107322;0.135009;0.102409;0.110693;0.094217;0.098148;0.078097;0.093285;0.090632;0.090188
1975-11;0.094876;0.125157;0.135250;0.158582;0.113901;0.144020;0.078123;0.121093;0.024922;0.004076
1975-12;0.131873;0.205455;0.093421;0.111966;0.085688;0.073143;0.117014;0.057431;0.048807;0.075203
1976-01;0.171570;0.173875;0.105881;0.125241;0.101608;0.090561;0.078549;0.080104;0.040237;0.032374
1976-02;0.000000;0.000000;0.000000;0.106315;0.083414;0.097110;0.229467;0.230379;0.133354;0.119961
1976-03;0.152811;0.117441;0.134187;0.123297;0.090375;0.088214;0.082342;0.096036;0.066251;0.049048
1976-04;0.100000;0.100000;0.100000;0.100000;0.100000;0.100000;0.100000;0.100000;0.100000;0.100000
1976-05;0.066667;0.066667;0.066667;0.066667;0.066667;0.066667;0.066667;0.066667;0.066667;0.400000
1976-06;0.000000;0.000000;0.000000;0.000000;0.000000;0.000000;0.086432;0.360581;0.306728;0.246259
1976-07;0.000000;0.000000;0.000000;0.000000;0.000000;0.066837;0.153453;0.280222;0.174254;0.325234
1976-08;0.093768;0.110391;0.075808;0.084648;0.100040;0.118395;0.119025;0.125427;0.089813;0.082686
1976-09;0.096982;0.101275;0.085435;0.112841;0.140277;0.140277;0.136448;0.074560;0.083373;0.028531
1976-10;0.111022;0.127208;0.126339;0.119400;0.096228;0.108914;0.089845;0.079154;0.080201;0.061690
1976-11;0.179136;0.145811;0.149919;0.138065;0.096506;0.108737;0.054769;0.069934;0.039760;0.017362
1976-12;0.361231;0.283498;0.252448;0.070192;0.032630;0.000000;0.000000;0.000000;0.000000;0.000000
1977-01;0.190189;0.105010;0.109072;0.089206;0.085128;0.090180;0.091446;0.097769;0.082610;0.059390
1977-02;0.054583;0.000000;0.000000;0.011674;0.015461;0.000000;0.200934;0.256086;0.185615;0.275647
1977-03;0.000000;0.000000;0.000000;0.000000;0.148150;0.263055;0.190135;0.294397;0.000000;0.104262
1977-04;0.000000;0.000000;0.000000;0.000000;0.000000;0.076703;0.137510;0.135243;0.334977;0.315567
1977-05;0.000000;0.000000;0.000000;0.014242;0.050828;0.111904;0.135661;0.211356;0.230591;0.245417
1977-06;0.222532;0.257782;0.000000;0.121912;0.021292;0.090493;0.090493;0.086436;0.000000;0.109059
1977-07;0.239244;0.073509;0.019710;0.125918;0.131675;0.016789;0.186750;0.116701;0.000000;0.089703
1977-08;0.126227;0.098355;0.107782;0.095256;0.100661;0.106484;0.092843;0.108329;0.099069;0.064993
1977-09;0.147168;0.134168;0.168228;0.146894;0.113861;0.117470;0.069143;0.052661;0.050407;0.000000
1977-10;0.400000;0.356971;0.204695;0.000000;0.038334;0.000000;0.000000;0.000000;0.000000;0.000000
1977-11;0.153723;0.109583;0.104099;0.074283;0.085660;0.050487;0.056665;0.123602;0.121686;0.120213
1977-12;0.172534;0.070202;0.107512;0.123759;0.081804;0.119558;0.129474;0.095387;0.078525;0.021245
1978-01;0.186763;0.085147;0.084957;0.102201;0.053567;0.115195;0.105274;0.129040;0.078668;0.059188
1978-02;0.000000;0.000000;0.000000;0.149174;0.197619;0.137825;0.219288;0.063077;0.118601;0.114418
1978-03;0.045175;0.054776;0.025558;0.108137;0.175362;0.173985;0.128697;0.095254;0.090916;0.102139
1978-04;0.102196;0.063736;0.121163;0.117458;0.105494;0.125441;0.102082;0.086662;0.088412;0.087356
1978-05;0.351249;0.102675;0.163037;0.016149;0.000000;0.000000;0.000000;0.094562;0.104145;0.168184
1978-06;0.400000;0.400000;0.025000;0.025000;0.025000;0.025000;0.025000;0.025000;0.025000;0.025000
1978-07;0.400000;0.025000;0.025000;0.025000;0.025000;0.025000;0.400000;0.025000;0.025000;0.025000
1978-08;0.098056;0.088428;0.103181;0.108996;0.080184;0.101342;0.101305;0.123364;0.096006;0.099137
1978-09;0.174616;0.123411;0.113690;0.115917;0.077999;0.093929;0.068489;0.098618;0.076444;0.056888
1978-10;0.400000;0.318946;0.281054;0.000000;0.000000;0.000000;0.000000;0.000000;0.000000;0.000000
1978-11;0.078707;0.114545;0.068907;0.127304;0.123993;0.126144;0.121779;0.084295;0.085659;0.068668
1978-12;0.000000;0.015665;0.001520;0.127659;0.144286;0.151625;0.160149;0.167986;0.131015;0.100095
1979-01;0.133313;0.096547;0.134644;0.134152;0.112652;0.118493;0.075166;0.071766;0.074139;0.049129
1979-02;0.370806;0.400000;0.035261;0.000000;0.193934;0.000000;0.000000;0.000000;0.000000;0.000000
1979-03;0.244580;0.241116;0.000000;0.000000;0.000000;0.000000;0.149913;0.050110;0.045273;0.269008
1979-04;0.000000;0.000000;0.000000;0.114082;0.145464;0.140632;0.164128;0.168045;0.122806;0.144843
1979-05;0.193839;0.104608;0.148299;0.123486;0.088169;0.109465;0.049591;0.105269;0.052080;0.025193
1979-06;0.400000;0.280936;0.292383;0.026681;0.000000;0.000000;0.000000;0.000000;0.000000;0.000000
1979-07;0.025000;0.025000;0.025000;0.025000;0.025000;0.025000;0.025000;0.025000;0.400000;0.400000
1979-08;0.141878;0.093414;0.093032;0.111748;0.083870;0.101236;0.093670;0.121056;0.082530;0.077565
1979-09;0.224343;0.128620;0.128246;0.175299;0.092929;0.079417;0.090077;0.081069;0.000000;0.000000
1979-10;0.239950;0.171493;0.165316;0.068738;0.080768;0.059434;0.072307;0.052618;0.059694;0.029682
1979-11;0.121485;0.112741;0.111100;0.118669;0.144870;0.120362;0.102365;0.058947;0.073215;0.036247
1979-12;0.019418;0.060829;0.089712;0.120945;0.135281;0.154748;0.128984;0.131353;0.096342;0.062389
1980-01;0.147183;0.107878;0.118450;0.122224;0.100874;0.102346;0.091687;0.091060;0.073163;0.045134
1980-02;0.100000;0.100000;0.100000;0.100000;0.100000;0.100000;0.100000;0.100000;0.100000;0.100000
1980-03;0.079916;0.174874;0.060330;0.059028;0.094466;0.120883;0.119947;0.093173;0.105214;0.092170
1980-04;0.000000;0.021573;0.012057;0.162363;0.167475;0.180583;0.169279;0.139486;0.091763;0.055420
1980-05;0.000000;0.051955;0.088975;0.138125;0.139825;0.159045;0.116910;0.150482;0.109837;0.044845
1980-06;0.141628;0.104649;0.120728;0.122227;0.113993;0.104689;0.086797;0.092039;0.058534;0.054716
1980-07;0.100000;0.100000;0.100000;0.100000;0.100000;0.100000;0.100000;0.100000;0.100000;0.100000
1980-08;0.200000;0.400000;0.000000;0.000000;0.000000;0.000000;0.000000;0.000000;0.400000;0.000000
1980-09;0.063007;0.067938;0.057562;0.081138;0.079628;0.133716;0.128937;0.117727;0.142813;0.127534
1980-10;0.300701;0.152292;0.241890;0.119583;0.060359;0.068596;0.000000;0.013463;0.014774;0.028341
1980-11;0.400000;0.341343;0.216108;0.000000;0.007707;0.000000;0.000000;0.000000;0.034842;0.000000
1980-12;0.025000;0.025000;0.025000;0.025000;0.025000;0.025000;0.025000;0.025000;0.400000;0.400000
1981-01;0.101850;0.112057;0.072255;0.110056;0.056723;0.130246;0.152632;0.066945;0.112135;0.085100
1981-02;0.069626;0.097276;0.079118;0.150894;0.133949;0.133701;0.134302;0.160613;0.040521;0.000000
1981-03;0.053053;0.049755;0.063931;0.094471;0.123476;0.117404;0.109218;0.130546;0.114340;0.143806
1981-04;0.101376;0.117662;0.098779;0.114732;0.101851;0.113716;0.092429;0.089405;0.086220;0.083830
1981-05;0.241416;0.180360;0.110839;0.085793;0.068902;0.043261;0.112219;0.119343;0.037867;0.000000
1981-06;0.199309;0.128425;0.000000;0.000000;0.096438;0.000000;0.255301;0.038659;0.000000;0.281868
