month  ;     ME1;     ME2;     ME3;     ME4;     ME5;     ME6;     ME7;     ME8;     ME9;    ME10
1947-08;0.148632;0.085379;0.400000;0.172615;0.000000;0.161124;0.000000;0.032251;0.000000;0.000000
1947-09;0.400000;0.025000;0.025000;0.025000;0.025000;0.025000;0.025000;0.025000;0.025000;0.400000
1947-10;0.140085;0.219997;0.126923;0.011935;0.096662;0.000000;0.108035;0.119767;0.072501;0.104094
1947-11;0.000000;0.250920;0.126342;0.000000;0.131645;0.000000;0.126931;0.108337;0.052322;0.203503
1947-12;0.400000;0.009330;0.000000;0.036011;0.000000;0.049454;0.157246;0.159582;0.000000;0.188378
1948-01;0.057052;0.032528;0.058593;0.084150;0.020557;0.083947;0.193178;0.090797;0.110793;0.268405
1948-02;0.082035;0.118632;0.105130;0.153297;0.119954;0.056649;0.102202;0.068423;0.089937;0.103741
1948-03;0.246335;0.400000;0.255115;0.098550;0.000000;0.000000;0.000000;0.000000;0.000000;0.000000
1948-04;0.016348;0.044741;0.194221;0.000000;0.238734;0.183887;0.043789;0.103490;0.090177;0.084612
1948-05;0.118522;0.157747;0.058692;0.126385;0.136437;0.134849;0.025233;0.073951;0.068983;0.099201
1948-06;0.186167;0.027725;0.000000;0.000000;0.000000;0.400000;0.000000;0.000000;0.000000;0.386108
1948-07;0.000000;0.000000;0.000000;0.400000;0.000000;0.000000;0.000000;0.200000;0.000000;0.400000
1948-08;0.036824;0.243279;0.000000;0.000000;0.200373;0.000000;0.000000;0.000000;0.255155;0.264370
1948-09;0.206956;0.058669;0.018254;0.107573;0.084166;0.000000;0.129124;0.088064;0.000000;0.307195
1948-10;0.061996;0.063446;0.143189;0.226589;0.118901;0.058746;0.076658;0.070693;0.141728;0.038055
1948-11;0.065924;0.015371;0.000000;0.060388;0.277795;0.000000;0.226145;0.077719;0.276659;0.000000
1948-12;0.123533;0.004509;0.134905;0.160142;0.135220;0.145959;0.078840;0.065811;0.100150;0.050931
1949-01;0.066667;0.066667;0.066667;0.066667;0.400000;0.066667;0.066667;0.066667;0.066667;0.066667
1949-02;0.105750;0.215954;0.084423;0.022002;0.044662;0.229168;0.036849;0.059670;0.106133;0.095389
1949-03;0.015434;0.176552;0.153010;0.158303;0.153085;0.057578;0.128059;0.000000;0.117548;0.040432
1949-04;0.100000;0.100000;0.100000;0.100000;0.100000;0.100000;0.100000;0.100000;0.100000;0.100000
1949-05;0.154466;0.134962;0.090365;0.097342;0.095219;0.060296;0.067502;0.146275;0.027497;0.126076
1949-06;0.000000;0.200000;0.000000;0.000000;0.000000;0.400000;0.000000;0.000000;0.400000;0.000000
1949-07;0.000000;0.196330;0.225910;0.144064;0.089694;0.140871;0.098284;0.051953;0.051137;0.001756
1949-08;0.146080;0.214825;0.354075;0.141456;0.042355;0.000000;0.000000;0.009072;0.038799;0.053338
1949-09;0.400000;0.000000;0.000000;0.008393;0.087565;0.000000;0.217300;0.202950;0.000000;0.083793
1949-10;0.081358;0.000000;0.000000;0.000000;0.000000;0.000000;0.400000;0.015732;0.102910;0.400000
1949-11;0.077460;0.110558;0.000000;0.048981;0.083714;0.000000;0.177330;0.000000;0.221062;0.280895
1949-12;0.251789;0.128455;0.086415;0.005969;0.082068;0.000000;0.029377;0.000000;0.015927;0.400000
1950-01;0.342180;0.134226;0.135667;0.000000;0.247142;0.000000;0.140785;0.000000;0.000000;0.000000
1950-02;0.095638;0.082317;0.029712;0.090337;0.122630;0.254041;0.189585;0.083862;0.014681;0.037199
1950-03;0.157357;0.000000;0.091238;0.119670;0.131813;0.106045;0.230239;0.079251;0.015110;0.069278
1950-04;0.071473;0.288421;0.138712;0.000000;0.144212;0.124233;0.204371;0.011259;0.017320;0.000000
1950-05;0.077619;0.146121;0.223055;0.140374;0.091264;0.179008;0.074509;0.053271;0.000000;0.014777
1950-06;0.050622;0.286387;0.242743;0.038292;0.128330;0.144964;0.108662;0.000000;0.000000;0.000000
1950-07;0.209230;0.194488;0.198139;0.040197;0.051712;0.084622;0.118903;0.026440;0.000000;0.076270
1950-08;0.000000;0.070624;0.000000;0.000000;0.272390;0.304969;0.007738;0.344279;0.000000;0.000000
1950-09;0.240238;0.132075;0.035685;0.174170;0.000000;0.088492;0.096850;0.232489;0.000000;0.000000
1950-10;0.000000;0.000000;0.000000;0.400000;0.327281;0.000000;0.000000;0.009176;0.000000;0.263543
1950-11;0.000000;0.225886;0.252657;0.000000;0.239172;0.000000;0.192461;0.000000;0.086009;0.003815
1950-12;0.000000;0.303135;0.000000;0.000000;0.055027;0.000000;0.118194;0.115647;0.105431;0.302566
1951-01;0.400000;0.000000;0.238009;0.000000;0.065393;0.000000;0.000000;0.037008;0.259590;0.000000
1951-02;0.013380;0.120484;0.400000;0.173777;0.138517;0.055790;0.000000;0.098052;0.000000;0.000000
1951-03;0.153484;0.187431;0.072656;0.105312;0.152559;0.077629;0.064063;0.048425;0.138441;0.000000
1951-04;0.095137;0.033997;0.164972;0.035159;0.063160;0.056486;0.152954;0.040122;0.156367;0.201645
1951-05;0.000000;0.000000;0.000000;0.000000;0.000000;0.000000;0.350448;0.000000;0.400000;0.249552
1951-06;0.000000;0.000000;0.141398;0.000000;0.076317;0.106852;0.130374;0.162345;0.286274;0.096439
1951-07;0.139268;0.163149;0.055161;0.134752;0.014632;0.054556;0.198513;0.098375;0.068372;0.073222
1951-08;0.000000;0.118920;0.013626;0.123026;0.055475;0.115203;0.146066;0.108255;0.142227;0.177202
1951-09;0.133648;0.000000;0.000000;0.400000;0.306811;0.000000;0.000000;0.134958;0.000000;0.024582
1951-10;0.000000;0.000000;0.245389;0.000000;0.400000;0.000000;0.000000;0.000000;0.354611;0.000000
1951-11;0.000000;0.296471;0.129013;0.000000;0.297560;0.000000;0.098131;0.116915;0.006209;0.055700
1951-12;0.168330;0.300676;0.000000;0.000000;0.000000;0.000000;0.177923;0.000000;0.127881;0.225189
1952-01;0.153808;0.138072;0.167101;0.310348;0.057906;0.000000;0.099418;0.012752;0.060595;0.000000
1952-02;0.004429;0.000000;0.280081;0.000000;0.133398;0.000000;0.063555;0.092094;0.118628;0.307815
1952-03;0.000000;0.195002;0.000000;0.164157;0.103397;0.166716;0.188087;0.000000;0.089098;0.093544
1952-04;0.000000;0.148389;0.269323;0.092667;0.008295;0.133632;0.201407;0.010302;0.047240;0.088746
1952-05;0.023024;0.226048;0.148003;0.072674;0.098491;0.070717;0.067373;0.060176;0.093330;0.140164
1952-06;0.000000;0.000000;0.000000;0.000000;0.200000;0.400000;0.000000;0.400000;0.000000;0.000000
1952-07;0.098504;0.126782;0.138560;0.319085;0.093458;0.085216;0.055307;0.044148;0.000000;0.038940
1952-08;0.000000;0.000000;0.000000;0.088915;0.192981;0.047014;0.112317;0.158773;0.000000;0.400000
1952-09;0.000000;0.037449;0.000000;0.186321;0.274740;0.000000;0.180836;0.000000;0.156005;0.164649
1952-10;0.000000;0.132233;0.088716;0.058519;0.089171;0.139052;0.297561;0.145436;0.000000;0.049312
1952-11;0.000000;0.083654;0.353709;0.209795;0.096997;0.080644;0.175200;0.000000;0.000000;0.000000
1952-12;0.000000;0.118287;0.127813;0.098966;0.115621;0.160865;0.155453;0.078770;0.059240;0.084986
1953-01;0.014420;0.081091;0.257700;0.153840;0.222896;0.078674;0.000000;0.125162;0.066217;0.000000
1953-02;0.023357;0.176175;0.101912;0.107302;0.102112;0.184830;0.228558;0.000000;0.075754;0.000000
1953-03;0.102520;0.163372;0.227240;0.109054;0.137485;0.033321;0.133736;0.093271;0.000000;0.000000
1953-04;0.000000;0.131342;0.000000;0.057990;0.157251;0.000000;0.112988;0.045174;0.130618;0.364637
1953-05;0.059529;0.065933;0.239915;0.073364;0.168616;0.180763;0.173429;0.006513;0.000000;0.031939
1953-06;0.000000;0.069085;0.155302;0.113001;0.056596;0.080159;0.248526;0.157562;0.067883;0.051884
1953-07;0.000000;0.032774;0.124919;0.046418;0.159683;0.131596;0.227428;0.134299;0.000000;0.142883
1953-08;0.000000;0.107332;0.000000;0.186133;0.339274;0.026000;0.261112;0.000000;0.080148;0.000000
1953-09;0.000000;0.206487;0.088328;0.234728;0.125738;0.258438;0.041472;0.009126;0.026643;0.009040
1953-10;0.000000;0.220781;0.010927;0.130436;0.104615;0.195292;0.000000;0.000000;0.027502;0.310447
1953-11;0.000000;0.122079;0.104021;0.266174;0.072618;0.157940;0.066037;0.064005;0.035992;0.111133
1953-12;0.144397;0.085958;0.000000;0.000000;0.232694;0.076812;0.114487;0.272255;0.019242;0.054157
1954-01;0.000000;0.000000;0.000000;0.127093;0.167860;0.155732;0.210924;0.125415;0.050683;0.162294
1954-02;0.000000;0.072724;0.117967;0.047426;0.152111;0.030655;0.281383;0.010434;0.007356;0.279944
1954-03;0.267281;0.126611;0.121895;0.074721;0.003666;0.087942;0.060922;0.082064;0.071990;0.102908
1954-04;0.000000;0.058056;0.304816;0.069564;0.178925;0.157207;0.210382;0.000000;0.013872;0.007179
1954-05;0.087123;0.215476;0.195789;0.084109;0.191013;0.022664;0.115009;0.024862;0.063955;0.000000
1954-06;0.075054;0.282286;0.090061;0.094162;0.057708;0.114338;0.139167;0.052803;0.070833;0.023587
1954-07;0.140033;0.179901;0.226706;0.031442;0.184873;0.118215;0.000000;0.029803;0.089027;0.000000
1954-08;0.082487;0.087308;0.141256;0.000000;0.252515;0.102263;0.189216;0.059089;0.056456;0.029411
1954-09;0.120956;0.138800;0.236921;0.251959;0.044510;0.077857;0.034886;0.037596;0.014403;0.042112
1954-10;0.109837;0.233229;0.209232;0.139070;0.148051;0.109408;0.051172;0.000000;0.000000;0.000000
1954-11;0.064526;0.177961;0.152295;0.011409;0.124509;0.043137;0.073213;0.140286;0.058927;0.153738
1954-12;0.000000;0.336609;0.339465;0.133743;0.044824;0.135625;0.009733;0.000000;0.000000;0.000000
1955-01;0.198783;0.080767;0.114962;0.000000;0.000000;0.260256;0.086458;0.217496;0.000000;0.041279
1955-02;0.155926;0.106337;0.122964;0.073977;0.054648;0.323136;0.096129;0.066883;0.000000;0.000000
1955-03;0.023792;0.086270;0.101190;0.000000;0.061637;0.099242;0.350005;0.099480;0.059710;0.118673
1955-04;0.084422;0.021196;0.155590;0.042885;0.000000;0.000000;0.145899;0.227399;0.000000;0.322610
1955-05;0.000000;0.004598;0.000000;0.073603;0.000000;0.232458;0.281795;0.252172;0.000000;0.155374
1955-06;0.186454;0.229867;0.050132;0.000000;0.000000;0.091594;0.305600;0.000000;0.045688;0.090664
1955-07;0.019412;0.238653;0.037284;0.152957;0.167054;0.029311;0.208141;0.000000;0.000000;0.147189
1955-08;0.000000;0.000000;0.100896;0.133090;0.041725;0.081235;0.238291;0.053254;0.314222;0.037286
1955-09;0.084829;0.038212;0.000000;0.112511;0.208227;0.292548;0.223499;0.025017;0.015157;0.000000
1955-10;0.000000;0.260677;0.098118;0.142959;0.164886;0.086892;0.246468;0.000000;0.000000;0.000000
1955-11;0.000000;0.338766;0.089414;0.111918;0.062742;0.163126;0.133473;0.000000;0.009096;0.091464
1955-12;0.000000;0.093613;0.074596;0.157151;0.103253;0.159347;0.118809;0.222983;0.070249;0.000000
1956-01;0.000000;0.106138;0.020593;0.179426;0.073851;0.125545;0.102067;0.183272;0.053794;0.155313
1956-02;0.000000;0.000000;0.000000;0.000000;0.205454;0.381666;0.099766;0.000000;0.000000;0.313114
1956-03;0.000000;0.176116;0.033940;0.103889;0.016185;0.019403;0.268842;0.206459;0.158278;0.016887
1956-04;0.000000;0.284071;0.000000;0.241012;0.189663;0.101065;0.058313;0.033526;0.039346;0.053003
1956-05;0.000000;0.384980;0.128922;0.000000;0.302311;0.000000;0.121674;0.000000;0.062113;0.000000
1956-06;0.045493;0.144998;0.052121;0.096641;0.143051;0.056581;0.217810;0.115470;0.000000;0.127834
1956-07;0.000000;0.158090;0.038243;0.149478;0.001317;0.000000;0.199517;0.174418;0.167109;0.111828
1956-08;0.138334;0.188402;0.159790;0.233171;0.073509;0.000000;0.043979;0.024279;0.012784;0.125752
1956-09;0.000000;0.361898;0.000000;0.000000;0.388902;0.000000;0.000000;0.097647;0.151552;0.000000
1956-10;0.000000;0.092969;0.279605;0.189283;0.081972;0.135304;0.077463;0.058337;0.085068;0.000000
1956-11;0.000000;0.192498;0.000000;0.160099;0.228800;0.035996;0.177986;0.107112;0.060227;0.037281
1956-12;0.097876;0.000000;0.343380;0.303714;0.138984;0.000000;0.000000;0.116047;0.000000;0.000000
1957-01;0.000000;0.026813;0.000000;0.000760;0.328654;0.207303;0.001009;0.400000;0.035461;0.000000
1957-02;0.000000;0.170859;0.088377;0.149031;0.110187;0.145417;0.170314;0.094980;0.070836;0.000000
1957-03;0.040975;0.000000;0.009860;0.139050;0.021735;0.077126;0.340722;0.000000;0.287164;0.083368
1957-04;0.000000;0.195482;0.049966;0.252967;0.052761;0.127609;0.216513;0.074994;0.029709;0.000000
1957-05;0.041154;0.117604;0.071476;0.207536;0.089580;0.251124;0.122519;0.065598;0.033409;0.000000
1957-06;0.022191;0.070365;0.155853;0.089496;0.253203;0.103591;0.175518;0.129784;0.000000;0.000000
1957-07;0.033282;0.038326;0.044469;0.110529;0.068601;0.049980;0.184058;0.000000;0.080534;0.390220
1957-08;0.000000;0.150702;0.066148;0.120450;0.123786;0.142635;0.184381;0.045177;0.061388;0.105334
1957-09;0.045441;0.132573;0.110194;0.087373;0.091887;0.162536;0.071546;0.104694;0.057122;0.136633
1957-10;0.142639;0.140579;0.099991;0.090445;0.061648;0.170576;0.152116;0.116481;0.025526;0.000000
1957-11;0.000000;0.107076;0.000000;0.229637;0.119388;0.107357;0.164823;0.215288;0.056431;0.000000
1957-12;0.000000;0.098301;0.055945;0.289676;0.270989;0.163497;0.000000;0.000000;0.121592;0.000000
1958-01;0.042198;0.277850;0.119159;0.340857;0.179092;0.000000;0.034633;0.006212;0.000000;0.000000
1958-02;0.000000;0.000000;0.000000;0.027117;0.400000;0.250111;0.148120;0.000000;0.174652;0.000000
1958-03;0.133954;0.180655;0.249827;0.091503;0.134943;0.072043;0.005071;0.027792;0.010915;0.093296
1958-04;0.025000;0.025000;0.025000;0.025000;0.025000;0.025000;0.025000;0.025000;0.400000;0.400000
1958-05;0.000000;0.106409;0.266368;0.027627;0.066267;0.066789;0.218503;0.234527;0.013510;0.000000
1958-06;0.064783;0.001406;0.190704;0.102362;0.000000;0.000000;0.165207;0.198763;0.263116;0.013658
1958-07;0.019882;0.024771;0.192382;0.023821;0.103400;0.110377;0.376363;0.000000;0.149004;0.000000
1958-08;0.084140;0.184162;0.040973;0.103054;0.002549;0.014091;0.234264;0.112819;0.156381;0.067566
1958-09;0.016925;0.130996;0.154003;0.086078;0.006143;0.091261;0.282294;0.077192;0.155108;0.000000
1958-10;0.004779;0.014696;0.296298;0.121936;0.161334;0.134127;0.046229;0.002570;0.025647;0.192384
1958-11;0.045896;0.170217;0.303078;0.187146;0.028504;0.053622;0.057359;0.052756;0.011944;0.089478
1958-12;0.082346;0.400000;0.240653;0.000000;0.110829;0.072891;0.029906;0.000000;0.063375;0.000000
1959-01;0.125652;0.283124;0.108253;0.089100;0.054351;0.049839;0.070625;0.000000;0.015281;0.203776
1959-02;0.064265;0.279230;0.087737;0.112069;0.132748;0.065856;0.129355;0.046126;0.067166;0.015448
1959-03;0.284979;0.183757;0.140901;0.053537;0.164912;0.085591;0.000000;0.075562;0.010761;0.000000
1959-04;0.069922;0.103094;0.147247;0.000000;0.222423;0.189011;0.038517;0.159686;0.000000;0.070099
1959-05;0.000000;0.126766;0.000000;0.120162;0.136728;0.082237;0.133679;0.313655;0.030484;0.056289
1959-06;0.044525;0.338950;0.106820;0.062238;0.110683;0.015896;0.067221;0.167010;0.086656;0.000000
1959-07;0.200179;0.000000;0.000000;0.000000;0.111224;0.162589;0.208542;0.160936;0.062332;0.094198
1959-08;0.000000;0.131822;0.163390;0.096165;0.220604;0.199628;0.000000;0.116881;0.071511;0.000000
1959-09;0.006722;0.003128;0.139341;0.171096;0.154790;0.166631;0.067502;0.218506;0.072284;0.000000
1959-10;0.020998;0.120075;0.083038;0.110519;0.211113;0.277242;0.146567;0.030448;0.000000;0.000000
1959-11;0.000000;0.000000;0.000000;0.150721;0.156344;0.212285;0.116974;0.206425;0.044265;0.112986
1959-12;0.000000;0.274540;0.008574;0.240240;0.122519;0.001785;0.000000;0.235525;0.000000;0.116818
1960-01;0.000000;0.000000;0.000000;0.000000;0.200172;0.000000;0.000000;0.400000;0.014578;0.385250
1960-02;0.000000;0.037443;0.046886;0.207847;0.188812;0.179235;0.114897;0.000000;0.068575;0.156304
1960-03;0.000000;0.224640;0.000000;0.186543;0.000000;0.114301;0.032605;0.068312;0.373599;0.000000
1960-04;0.074384;0.000000;0.029358;0.134180;0.000000;0.107403;0.091365;0.161266;0.074418;0.327626
1960-05;0.000000;0.000000;0.000000;0.067604;0.400000;0.101585;0.266984;0.163828;0.000000;0.000000
1960-06;0.000000;0.051857;0.158466;0.288977;0.198196;0.079032;0.133309;0.028482;0.061679;0.000000
1960-07;0.000000;0.092292;0.000000;0.025188;0.275072;0.004847;0.046620;0.137368;0.018612;0.400000
1960-08;0.000000;0.296153;0.242002;0.000000;0.068929;0.000000;0.232581;0.160335;0.000000;0.000000
1960-09;0.000000;0.193982;0.198814;0.052068;0.228211;0.086674;0.164223;0.000000;0.076028;0.000000
1960-10;0.160996;0.148859;0.274175;0.051860;0.150915;0.001351;0.068354;0.086798;0.056137;0.000554
1960-11;0.138182;0.023889;0.000000;0.000000;0.157757;0.068885;0.000000;0.326791;0.284496;0.000000
1960-12;0.000000;0.081766;0.069179;0.186262;0.099600;0.189377;0.150950;0.042496;0.072673;0.107697
1961-01;0.000000;0.070739;0.071355;0.028700;0.168194;0.241250;0.091141;0.200598;0.055895;0.072128
1961-02;0.000000;0.000000;0.167476;0.181940;0.250312;0.000000;0.131788;0.038593;0.062018;0.167873
1961-03;0.123425;0.301416;0.000000;0.099396;0.114587;0.091676;0.107175;0.120028;0.042297;0.000000
1961-04;0.165847;0.067357;0.146466;0.071170;0.150623;0.132330;0.130529;0.079023;0.056654;0.000000
1961-05;0.193700;0.115874;0.400000;0.052072;0.088368;0.000000;0.119440;0.030547;0.000000;0.000000
1961-06;0.013230;0.176925;0.096832;0.000000;0.146328;0.072987;0.262344;0.132292;0.099062;0.000000
1961-07;0.063253;0.182147;0.189023;0.061917;0.015104;0.092593;0.153399;0.009865;0.163813;0.068886
1961-08;0.038451;0.175196;0.213415;0.088707;0.056677;0.129849;0.077474;0.099511;0.082585;0.038135
1961-09;0.190087;0.138096;0.090991;0.056866;0.183637;0.009925;0.064233;0.080348;0.185817;0.000000
1961-10;0.088669;0.079387;0.187427;0.115754;0.111044;0.209435;0.114866;0.093418;0.000000;0.000000
1961-11;0.000000;0.139475;0.099400;0.135425;0.125190;0.272029;0.047281;0.053702;0.088483;0.039016
1961-12;0.093575;0.302141;0.130237;0.047045;0.173274;0.096526;0.054224;0.093239;0.004926;0.004812
1962-01;0.025000;0.025000;0.025000;0.025000;0.025000;0.025000;0.025000;0.025000;0.400000;0.400000
1962-02;0.000000;0.000000;0.108567;0.000000;0.125126;0.014890;0.334558;0.193300;0.075592;0.147967
1962-03;0.000000;0.000000;0.000000;0.000000;0.034199;0.166164;0.396110;0.145295;0.145327;0.112905
1962-04;0.063121;0.229596;0.000000;0.226629;0.037752;0.000000;0.353022;0.000000;0.000000;0.089881
1962-05;0.000000;0.221940;0.122558;0.000000;0.089284;0.000000;0.000000;0.249943;0.196300;0.119975
1962-06;0.000000;0.114811;0.000000;0.000000;0.127678;0.284781;0.139664;0.167988;0.165078;0.000000
1962-07;0.065663;0.114121;0.116683;0.124928;0.045408;0.109172;0.137590;0.113421;0.104411;0.068603
1962-08;0.011214;0.290057;0.000000;0.020697;0.104424;0.073292;0.129993;0.121780;0.163018;0.085525
1962-09;0.012270;0.133329;0.052325;0.239510;0.214415;0.215334;0.071810;0.056656;0.000000;0.004350
1962-10;0.400000;0.400000;0.025000;0.025000;0.025000;0.025000;0.025000;0.025000;0.025000;0.025000
1962-11;0.025000;0.025000;0.025000;0.025000;0.025000;0.025000;0.025000;0.400000;0.025000;0.400000
1962-12;0.025000;0.025000;0.400000;0.400000;0.025000;0.025000;0.025000;0.025000;0.025000;0.025000
1963-01;0.231589;0.000000;0.291127;0.030483;0.000000;0.120920;0.123289;0.143696;0.058895;0.000000
1963-02;0.025000;0.025000;0.025000;0.025000;0.400000;0.400000;0.025000;0.025000;0.025000;0.025000
1963-03;0.176623;0.087597;0.053181;0.301377;0.127517;0.000000;0.036037;0.000000;0.081200;0.136467
1963-04;0.308568;0.000000;0.000000;0.000000;0.000000;0.000000;0.000000;0.000000;0.291432;0.400000
1963-05;0.167067;0.196822;0.400000;0.236110;0.000000;0.000000;0.000000;0.000000;0.000000;0.000000
1963-06;0.070511;0.044124;0.090505;0.000000;0.324888;0.069972;0.000000;0.000000;0.400000;0.000000
1963-07;0.086774;0.000000;0.079483;0.112781;0.221137;0.061430;0.207843;0.000000;0.077375;0.153178
1963-08;0.002743;0.178191;0.000000;0.072896;0.017717;0.032039;0.287863;0.000277;0.324836;0.083438
1963-09;0.000000;0.065529;0.166064;0.138463;0.140899;0.065971;0.121467;0.060784;0.129918;0.110905
1963-10;0.057088;0.247122;0.400000;0.016446;0.170185;0.030187;0.017327;0.021615;0.000000;0.040030
1963-11;0.137278;0.140406;0.132053;0.189893;0.081236;0.080447;0.083156;0.000000;0.056149;0.099381
1963-12;0.000000;0.210184;0.000000;0.134895;0.012150;0.081867;0.194011;0.145026;0.013343;0.208524
1964-01;0.000000;0.212546;0.000000;0.157564;0.095869;0.350996;0.000000;0.000000;0.000000;0.183025
1964-02;0.154854;0.168414;0.067710;0.000000;0.183863;0.100289;0.265234;0.000000;0.059636;0.000000
1964-03;0.000000;0.026983;0.226520;0.069817;0.195705;0.193274;0.192067;0.077420;0.000000;0.018215
1964-04;0.000000;0.000000;0.000000;0.265408;0.063594;0.107489;0.376852;0.140982;0.045675;0.000000
1964-05;0.000000;0.164811;0.245838;0.011032;0.000000;0.201987;0.202231;0.000000;0.085402;0.088699
1964-06;0.000000;0.165620;0.046708;0.222683;0.297193;0.000000;0.197085;0.009498;0.061214;0.000000
1964-07;0.039500;0.125899;0.092045;0.132484;0.124930;0.232099;0.198531;0.054512;0.000000;0.000000
1964-08;0.027068;0.142890;0.087294;0.182743;0.138183;0.226293;0.127244;0.019671;0.000000;0.048615
1964-09;0.000000;0.107358;0.122001;0.125070;0.189275;0.091198;0.165962;0.081610;0.117525;0.000000
1964-10;0.000000;0.127985;0.170643;0.100330;0.150756;0.162683;0.207678;0.043731;0.036193;0.000000
1964-11;0.071545;0.121964;0.085661;0.088729;0.159937;0.127373;0.212578;0.055341;0.076873;0.000000
1964-12;0.171869;0.078008;0.215967;0.091056;0.087906;0.119182;0.185307;0.050706;0.000000;0.000000
1965-01;0.056193;0.142160;0.141731;0.187039;0.097962;0.092285;0.196402;0.074872;0.000000;0.011356
1965-02;0.000000;0.236360;0.161966;0.091916;0.120289;0.137723;0.118259;0.046056;0.079684;0.007748
1965-03;0.113842;0.140737;0.087286;0.015622;0.089390;0.116621;0.230349;0.069554;0.136599;0.000000
1965-04;0.067614;0.000000;0.000000;0.148945;0.329718;0.000000;0.302483;0.043186;0.108054;0.000000
1965-05;0.000000;0.284503;0.153370;0.086979;0.189772;0.082321;0.176805;0.000000;0.026250;0.000000
1965-06;0.022888;0.262833;0.119462;0.226342;0.035491;0.031312;0.178961;0.063566;0.030680;0.028465
1965-07;0.134261;0.159504;0.019552;0.027514;0.188389;0.194916;0.162449;0.108286;0.005129;0.000000
1965-08;0.000000;0.152890;0.000000;0.000000;0.095205;0.120651;0.221952;0.161590;0.156679;0.091032
1965-09;0.087397;0.171836;0.240957;0.215379;0.031186;0.100163;0.000000;0.153081;0.000000;0.000000
1965-10;0.007299;0.015249;0.264246;0.253466;0.177014;0.000000;0.000000;0.150991;0.044660;0.087076
1965-11;0.000000;0.400000;0.170001;0.000000;0.000000;0.000000;0.079546;0.000000;0.046630;0.303823
1965-12;0.252321;0.240237;0.037652;0.184316;0.096434;0.000000;0.000000;0.118490;0.000000;0.070549
1966-01;0.158627;0.068838;0.245297;0.000000;0.000000;0.000000;0.055548;0.071689;0.000000;0.400000
1966-02;0.000000;0.314012;0.400000;0.167501;0.063152;0.000000;0.000000;0.055334;0.000000;0.000000
1966-03;0.142023;0.164855;0.182171;0.119778;0.039745;0.001340;0.198828;0.100207;0.051052;0.000000
1966-04;0.092718;0.119460;0.066261;0.072613;0.080748;0.062644;0.202550;0.052108;0.055057;0.195842
1966-05;0.295103;0.400000;0.000000;0.000000;0.000000;0.000000;0.271489;0.033408;0.000000;0.000000
1966-06;0.083773;0.168787;0.087539;0.032451;0.205720;0.126596;0.043345;0.172521;0.079269;0.000000
1966-07;0.240866;0.035737;0.000000;0.000000;0.153061;0.159463;0.044324;0.106825;0.177431;0.082294
1966-08;0.000000;0.195458;0.049237;0.168222;0.113992;0.241159;0.074516;0.138902;0.018514;0.000000
1966-09;0.104351;0.388764;0.014645;0.155936;0.160677;0.000000;0.000000;0.000000;0.000000;0.175627
1966-10;0.000000;0.086676;0.000000;0.000000;0.000000;0.139938;0.096521;0.193822;0.158663;0.324379
1966-11;0.218994;0.077725;0.042482;0.000000;0.052245;0.121384;0.094236;0.210857;0.073635;0.108444
1966-12;0.000000;0.000000;0.000000;0.134306;0.334127;0.000000;0.058917;0.094546;0.072257;0.305847
1967-01;0.239200;0.392740;0.161140;0.000000;0.000000;0.000000;0.000000;0.132300;0.000000;0.074620
1967-02;0.000000;0.000000;0.000000;0.000000;0.000000;0.000000;0.000000;0.400000;0.400000;0.200000
1967-03;0.000000;0.068379;0.000000;0.000000;0.000000;0.127706;0.143619;0.121158;0.216380;0.322759
1967-04;0.400000;0.400000;0.025000;0.025000;0.025000;0.025000;0.025000;0.025000;0.025000;0.025000
1967-05;0.000000;0.000000;0.000000;0.000000;0.005860;0.189074;0.289069;0.082971;0.357262;0.075764
1967-06;0.069094;0.027225;0.125750;0.022386;0.006853;0.116950;0.235999;0.154917;0.133670;0.107157
1967-07;0.199172;0.400000;0.000000;0.000000;0.000000;0.000828;0.000000;0.000000;0.400000;0.000000
1967-08;0.060604;0.103750;0.133915;0.084731;0.066337;0.154195;0.123570;0.126915;0.052145;0.093838
1967-09;0.135675;0.123159;0.000000;0.048216;0.162569;0.214265;0.170827;0.103653;0.026871;0.014765
1967-10;0.188140;0.172409;0.159534;0.109472;0.030772;0.136118;0.072674;0.074740;0.045004;0.011138
1967-11;0.209335;0.077172;0.178940;0.093211;0.071599;0.000000;0.112069;0.127384;0.096406;0.033882
1967-12;0.213376;0.185619;0.379048;0.037337;0.075562;0.006123;0.000000;0.000000;0.102935;0.000000
1968-01;0.196897;0.248775;0.079894;0.069817;0.074950;0.115183;0.070510;0.125177;0.018674;0.000123
1968-02;0.090201;0.016324;0.088777;0.277107;0.196434;0.109858;0.000000;0.172391;0.017496;0.031410
1968-03;0.106270;0.000000;0.125859;0.039193;0.152733;0.042082;0.068754;0.160956;0.234364;0.069790
1968-04;0.000000;0.030511;0.000000;0.015553;0.081792;0.166310;0.198505;0.239093;0.027804;0.240432
1968-05;0.383952;0.210489;0.000000;0.000000;0.000000;0.000000;0.000000;0.005559;0.000000;0.400000
1968-06;0.032046;0.120343;0.000000;0.000000;0.019947;0.122490;0.067609;0.277740;0.171068;0.188757
1968-07;0.000000;0.174692;0.000000;0.134457;0.101531;0.060022;0.270326;0.056547;0.000000;0.202424
1968-08;0.000000;0.057520;0.026113;0.020406;0.133059;0.049675;0.133938;0.036909;0.351498;0.190882
1968-09;0.025000;0.025000;0.025000;0.025000;0.025000;0.025000;0.025000;0.025000;0.400000;0.400000
1968-10;0.116439;0.000000;0.288063;0.289884;0.000000;0.000000;0.106216;0.111941;0.087456;0.000000
1968-11;0.076131;0.000000;0.000000;0.075027;0.220204;0.019836;0.100276;0.170777;0.109908;0.227841
1968-12;0.065301;0.231893;0.000822;0.109927;0.094556;0.144377;0.233629;0.028813;0.061193;0.029488
1969-01;0.015398;0.117815;0.080740;0.132923;0.091592;0.199696;0.006133;0.129978;0.179742;0.045983
1969-02;0.031160;0.000000;0.169374;0.272661;0.339981;0.000000;0.146369;0.000000;0.000000;0.040455
1969-03;0.112359;0.169120;0.323977;0.118085;0.072161;0.000000;0.174784;0.000000;0.029515;0.000000
1969-04;0.253581;0.400000;0.000000;0.000000;0.000000;0.000000;0.000000;0.052560;0.002912;0.290947
1969-05;0.248757;0.179129;0.064462;0.193813;0.133387;0.004190;0.000000;0.080992;0.065973;0.029297
1969-06;0.055604;0.090327;0.051385;0.335395;0.142549;0.000000;0.117719;0.071297;0.000000;0.135724
1969-07;0.000000;0.354539;0.035226;0.024124;0.000000;0.175272;0.240185;0.000000;0.115343;0.055311
1969-08;0.162919;0.000000;0.000000;0.000000;0.094629;0.164447;0.230015;0.196826;0.053243;0.097922
1969-09;0.000000;0.000000;0.000000;0.000000;0.015949;0.118408;0.260284;0.328434;0.082710;0.194215
1969-10;0.134111;0.163195;0.146809;0.130684;0.018865;0.132145;0.128349;0.057126;0.000000;0.088717
1969-11;0.025000;0.400000;0.025000;0.400000;0.025000;0.025000;0.025000;0.025000;0.025000;0.025000
1969-12;0.140294;0.097163;0.089270;0.100611;0.179144;0.000000;0.118413;0.103604;0.032103;0.139398
1970-01;0.066667;0.066667;0.066667;0.066667;0.066667;0.066667;0.066667;0.066667;0.066667;0.400000
1970-02;0.000000;0.011724;0.165494;0.086920;0.191310;0.078224;0.150717;0.144187;0.097069;0.074354
1970-03;0.356487;0.186307;0.148727;0.162616;0.005755;0.000000;0.000000;0.025345;0.114761;0.000000
1970-04;0.085354;0.000000;0.000000;0.362184;0.135900;0.000000;0.000000;0.016563;0.000000;0.400000
1970-05;0.400000;0.025000;0.025000;0.025000;0.400000;0.025000;0.025000;0.025000;0.025000;0.025000
1970-06;0.000000;0.000000;0.000000;0.000000;0.123604;0.000000;0.245436;0.000000;0.400000;0.230960
1970-07;0.195765;0.004454;0.000000;0.000000;0.216938;0.035147;0.100021;0.198148;0.055836;0.193691
1970-08;0.209554;0.069761;0.126010;0.097815;0.105862;0.149204;0.036533;0.081966;0.123294;0.000000
1970-09;0.214944;0.400000;0.000000;0.000000;0.145843;0.016321;0.222892;0.000000;0.000000;0.000000
1970-10;0.400000;0.400000;0.025000;0.025000;0.025000;0.025000;0.025000;0.025000;0.025000;0.025000
1970-11;0.000000;0.400000;0.200000;0.000000;0.400000;0.000000;0.000000;0.000000;0.000000;0.000000
1970-12;0.066667;0.066667;0.066667;0.066667;0.066667;0.066667;0.066667;0.066667;0.066667;0.400000
1971-01;0.343630;0.230389;0.316706;0.004684;0.000000;0.000919;0.000000;0.001132;0.061611;0.040927
1971-02;0.142021;0.123572;0.080820;0.207768;0.214140;0.000000;0.063482;0.079412;0.084500;0.004286
1971-03;0.000000;0.000000;0.000000;0.128166;0.000000;0.071834;0.000000;0.000000;0.400000;0.400000
1971-04;0.025000;0.025000;0.025000;0.025000;0.025000;0.025000;0.025000;0.025000;0.400000;0.400000
1971-05;0.140264;0.000000;0.109912;0.000000;0.400000;0.000000;0.000000;0.100303;0.249521;0.000000
1971-06;0.024300;0.000000;0.400000;0.000000;0.000000;0.046436;0.078185;0.000000;0.274127;0.176952
1971-07;0.027811;0.000000;0.068383;0.138232;0.000000;0.185322;0.306299;0.083936;0.127055;0.062963
1971-08;0.114923;0.031255;0.000000;0.141461;0.127098;0.062164;0.400000;0.039971;0.083128;0.000000
1971-09;0.290223;0.206598;0.000000;0.139250;0.363929;0.000000;0.000000;0.000000;0.000000;0.000000
1971-10;0.000000;0.000000;0.000000;0.323614;0.164766;0.115506;0.087444;0.133003;0.092860;0.082807
1971-11;0.158263;0.324393;0.122573;0.008792;0.203470;0.000000;0.049284;0.076762;0.000000;0.056463
1971-12;0.074731;0.186932;0.000000;0.000000;0.000000;0.149131;0.128435;0.000000;0.158273;0.302497
1972-01;0.223594;0.114848;0.000000;0.351989;0.078425;0.000000;0.037248;0.061349;0.027752;0.104796
1972-02;0.179918;0.000000;0.000000;0.000000;0.000000;0.044556;0.000000;0.178212;0.395865;0.201449
1972-03;0.000000;0.000000;0.000000;0.234566;0.000000;0.000000;0.370397;0.065907;0.000000;0.329130
1972-04;0.000000;0.043120;0.000000;0.000000;0.099096;0.000000;0.240613;0.371297;0.245874;0.000000
1972-05;0.068834;0.000000;0.201051;0.038995;0.000000;0.000000;0.000000;0.207830;0.083290;0.400000
1972-06;0.078747;0.000000;0.251700;0.150424;0.006940;0.000000;0.200326;0.311864;0.000000;0.000000
1972-07;0.111535;0.072383;0.008692;0.000000;0.036756;0.177851;0.253102;0.112038;0.227642;0.000000
1972-08;0.037538;0.129718;0.212227;0.132402;0.097639;0.121152;0.173640;0.000000;0.011576;0.084108
1972-09;0.000000;0.037109;0.000000;0.173149;0.001857;0.088561;0.170913;0.063890;0.339311;0.125210
1972-10;0.000000;0.000000;0.134889;0.132967;0.251097;0.290205;0.045417;0.030185;0.104912;0.010328
1972-11;0.003146;0.289673;0.220608;0.079462;0.145943;0.190555;0.070613;0.000000;0.000000;0.000000
1972-12;0.121059;0.249071;0.173619;0.104685;0.148252;0.101261;0.029838;0.072216;0.000000;0.000000
1973-01;0.400000;0.000000;0.000000;0.000000;0.000000;0.013994;0.000000;0.352199;0.233807;0.000000
1973-02;0.000000;0.000000;0.000000;0.000000;0.400000;0.400000;0.200000;0.000000;0.000000;0.000000
1973-03;0.000000;0.153177;0.156167;0.000000;0.000000;0.086414;0.181727;0.191105;0.106866;0.124544
1973-04;0.000000;0.000000;0.000000;0.184398;0.107103;0.000000;0.180675;0.229922;0.252932;0.044971
1973-05;0.000000;0.372088;0.000000;0.150320;0.148314;0.149350;0.112948;0.053876;0.000000;0.013105
1973-06;0.055581;0.115504;0.192419;0.000000;0.214576;0.350025;0.036110;0.000000;0.000000;0.035784
1973-07;0.134423;0.231827;0.271246;0.000000;0.012619;0.140267;0.209617;0.000000;0.000000;0.000000
1973-08;0.362948;0.083615;0.103531;0.245180;0.000000;0.072882;0.000000;0.067346;0.000000;0.064498
1973-09;0.000000;0.012518;0.153248;0.143133;0.366472;0.000000;0.000000;0.000000;0.000000;0.324629
1973-10;0.400000;0.000000;0.341026;0.000000;0.000000;0.000000;0.000000;0.000000;0.000000;0.258974
1973-11;0.263743;0.106366;0.065258;0.170236;0.141930;0.172765;0.000000;0.000000;0.039953;0.039749
1973-12;0.250671;0.000000;0.000000;0.000000;0.000000;0.000000;0.000000;0.000000;0.349329;0.400000
1974-01;0.233639;0.000000;0.000000;0.086111;0.000000;0.202710;0.125209;0.000000;0.337556;0.014775
1974-02;0.071595;0.000000;0.075264;0.039312;0.040936;0.185661;0.055418;0.144742;0.176218;0.210855
1974-03;0.063357;0.077349;0.183148;0.145187;0.044986;0.126384;0.166431;0.000000;0.014058;0.179100
1974-04;0.249869;0.177063;0.000000;0.000000;0.000000;0.000000;0.047889;0.062764;0.400000;0.062414
1974-05;0.000000;0.206723;0.226010;0.007237;0.103365;0.090850;0.181101;0.053132;0.131582;0.000000
1974-06;0.173815;0.036962;0.217769;0.000000;0.000000;0.400000;0.000000;0.000000;0.171454;0.000000
1974-07;0.044316;0.311738;0.084176;0.082942;0.000000;0.127070;0.000000;0.349758;0.000000;0.000000
1974-08;0.000000;0.178776;0.000000;0.000000;0.000000;0.400000;0.000000;0.000000;0.021224;0.400000
1974-09;0.000000;0.000000;0.158745;0.400000;0.130145;0.000000;0.000000;0.000000;0.000000;0.311110
1974-10;0.025000;0.025000;0.025000;0.025000;0.400000;0.025000;0.025000;0.025000;0.025000;0.400000
1974-11;0.000000;0.000000;0.000000;0.000000;0.000000;0.139487;0.128247;0.183577;0.161955;0.386733
1974-12;0.221982;0.007795;0.131383;0.039104;0.051750;0.065261;0.011059;0.095095;0.236275;0.140296
1975-01;0.400000;0.025000;0.400000;0.025000;0.025000;0.025000;0.025000;0.025000;0.025000;0.025000
1975-02;0.067317;0.000000;0.097785;0.153530;0.070033;0.371615;0.117086;0.000000;0.000000;0.122634
1975-03;0.058658;0.039331;0.053596;0.132903;0.076513;0.202981;0.227041;0.043558;0.000000;0.165418
1975-04;0.000000;0.000000;0.000000;0.400000;0.000000;0.000000;0.000000;0.000000;0.400000;0.200000
1975-05;0.176978;0.086450;0.205986;0.222076;0.130514;0.000000;0.022810;0.000000;0.070600;0.084586
1975-06;0.016614;0.000000;0.000000;0.000000;0.000000;0.000000;0.400000;0.150588;0.032798;0.400000
1975-07;0.317061;0.272322;0.037834;0.122732;0.000000;0.000000;0.000000;0.000000;0.043825;0.206225
1975-08;0.205791;0.043796;0.400000;0.350413;0.000000;0.000000;0.000000;0.000000;0.000000;0.000000
1975-09;0.112865;0.200016;0.000000;0.081317;0.326998;0.052673;0.000000;0.000000;0.226131;0.000000
1975-10;0.069656;0.073163;0.155618;0.123500;0.135355;0.089625;0.051186;0.190772;0.111125;0.000000
1975-11;0.000000;0.000000;0.000000;0.400000;0.400000;0.000000;0.000000;0.000000;0.149802;0.050198
1975-12;0.316523;0.000000;0.283477;0.000000;0.400000;0.000000;0.000000;0.000000;0.000000;0.000000
1976-01;0.094009;0.127727;0.244730;0.222090;0.271806;0.013980;0.000000;0.025657;0.000000;0.000000
1976-02;0.000000;0.000000;0.000000;0.000000;0.218612;0.400000;0.000000;0.000000;0.269339;0.112049
1976-03;0.000000;0.000000;0.000000;0.000000;0.082153;0.147962;0.400000;0.000000;0.080580;0.289305
1976-04;0.000000;0.000000;0.096215;0.000000;0.085134;0.000000;0.201202;0.286204;0.013899;0.317346
1976-05;0.000000;0.046308;0.000000;0.000000;0.085060;0.148079;0.285389;0.000000;0.189198;0.245966
1976-06;0.000000;0.000000;0.000000;0.076335;0.000000;0.135495;0.399476;0.165778;0.177457;0.045459
1976-07;0.000000;0.000000;0.050284;0.117096;0.038169;0.000000;0.220867;0.173584;0.400000;0.000000
1976-08;0.000000;0.001380;0.092833;0.000000;0.122387;0.251617;0.097350;0.122843;0.115326;0.196264
1976-09;0.047217;0.013225;0.305201;0.048991;0.166203;0.153121;0.180565;0.000000;0.000000;0.085477
1976-10;0.000000;0.087916;0.054045;0.218736;0.064998;0.137152;0.199919;0.000000;0.110810;0.126425
1976-11;0.000000;0.097607;0.151463;0.187766;0.228338;0.123134;0.211692;0.000000;0.000000;0.000000
1976-12;0.000000;0.377568;0.000000;0.081313;0.191530;0.000000;0.316483;0.000000;0.033107;0.000000
1977-01;0.026261;0.396919;0.142690;0.055610;0.171762;0.044305;0.000000;0.112430;0.000000;0.050023
1977-02;0.326751;0.073382;0.000000;0.192794;0.050256;0.045826;0.000000;0.217307;0.029046;0.064639
1977-03;0.000000;0.368791;0.115459;0.272939;0.000000;0.000000;0.212494;0.030316;0.000000;0.000000
1977-04;0.000000;0.248291;0.096706;0.038587;0.113396;0.000000;0.136465;0.308635;0.057920;0.000000
1977-05;0.000000;0.328508;0.294202;0.339006;0.000000;0.000000;0.000000;0.038283;0.000000;0.000000
1977-06;0.097334;0.108619;0.308932;0.135972;0.000000;0.223405;0.005339;0.046840;0.043161;0.030397
1977-07;0.000000;0.054254;0.110902;0.078378;0.092830;0.000000;0.172608;0.091028;0.400000;0.000000
1977-08;0.000000;0.068452;0.076935;0.148277;0.100531;0.281365;0.220874;0.000000;0.088817;0.014749
1977-09;0.137119;0.165380;0.318363;0.180067;0.181531;0.000000;0.000000;0.000000;0.017541;0.000000
1977-10;0.000000;0.084721;0.017958;0.091770;0.126805;0.198380;0.335147;0.118933;0.026285;0.000000
1977-11;0.000000;0.238210;0.080725;0.247446;0.040744;0.238310;0.002722;0.032056;0.000000;0.119788
1977-12;0.000000;0.333313;0.158740;0.113130;0.000000;0.355178;0.000000;0.039639;0.000000;0.000000
1978-01;0.080461;0.051423;0.166710;0.088998;0.085240;0.035147;0.088831;0.205348;0.054553;0.143289
1978-02;0.000000;0.139134;0.000000;0.372247;0.000000;0.088619;0.000000;0.000000;0.000000;0.400000
1978-03;0.000000;0.215968;0.000000;0.160258;0.153088;0.195959;0.026009;0.176001;0.072717;0.000000
1978-04;0.073788;0.127584;0.246529;0.246057;0.099951;0.000000;0.041812;0.098802;0.020820;0.044657
1978-05;0.400000;0.000000;0.000000;0.000000;0.152287;0.000000;0.268765;0.000000;0.000000;0.178948
1978-06;0.043298;0.011292;0.000000;0.000000;0.061061;0.160401;0.400000;0.051217;0.237969;0.034762
1978-07;0.124019;0.203420;0.085121;0.150485;0.000000;0.000000;0.218658;0.092422;0.125875;0.000000
1978-08;0.049901;0.280790;0.192757;0.014802;0.193621;0.000000;0.024773;0.000000;0.154679;0.088676
1978-09;0.260268;0.115618;0.391152;0.007716;0.018240;0.000000;0.187067;0.019938;0.000000;0.000000
1978-10;0.108569;0.176337;0.101971;0.097990;0.094081;0.196567;0.116289;0.088095;0.020100;0.000000
1978-11;0.213940;0.113712;0.030754;0.000000;0.000000;0.006445;0.030077;0.027661;0.231488;0.345922
1978-12;0.000000;0.000000;0.040586;0.000000;0.277020;0.000000;0.162389;0.000000;0.165554;0.354451
1979-01;0.173979;0.000000;0.111004;0.000000;0.113822;0.000000;0.000000;0.000772;0.200422;0.400000
1979-02;0.075600;0.000000;0.171403;0.229955;0.168746;0.047245;0.012813;0.114566;0.179673;0.000000
1979-03;0.400000;0.000000;0.000000;0.281360;0.104842;0.000000;0.000000;0.000000;0.000000;0.213798
1979-04;0.000000;0.000000;0.257708;0.000000;0.000000;0.000000;0.000000;0.342292;0.000000;0.400000
1979-05;0.310546;0.000000;0.125869;0.238055;0.134196;0.191334;0.000000;0.000000;0.000000;0.000000
1979-06;0.000000;0.095201;0.000000;0.000000;0.083106;0.248268;0.000000;0.000000;0.400000;0.173425
1979-07;0.220071;0.000000;0.000000;0.000000;0.000000;0.348221;0.047707;0.000000;0.384001;0.000000
1979-08;0.400000;0.000000;0.147553;0.083492;0.000000;0.000000;0.083119;0.037518;0.000000;0.248318
1979-09;0.400000;0.000000;0.000000;0.000000;0.000000;0.000000;0.000000;0.000000;0.200000;0.400000
1979-10;0.123768;0.000000;0.124693;0.096088;0.021267;0.049356;0.089588;0.244415;0.250825;0.000000
1979-11;0.071519;0.000000;0.000000;0.000000;0.226642;0.000000;0.144960;0.035222;0.373960;0.147697
1979-12;0.127495;0.069483;0.000000;0.000000;0.064769;0.110222;0.200681;0.000000;0.027350;0.400000
1980-01;0.254951;0.054727;0.000000;0.026650;0.094150;0.109088;0.088660;0.185653;0.098935;0.087185
1980-02;0.132816;0.151782;0.093585;0.239514;0.000000;0.000000;0.382303;0.000000;0.000000;0.000000
1980-03;0.000000;0.400000;0.234808;0.000000;0.017012;0.000000;0.000000;0.000000;0.000000;0.348180
1980-04;0.400000;0.000000;0.254880;0.000000;0.000000;0.000000;0.000000;0.000000;0.000000;0.345120
1980-05;0.118645;0.000000;0.000000;0.000000;0.000000;0.400000;0.000000;0.240645;0.000000;0.240711
1980-06;0.000000;0.081542;0.139112;0.192332;0.145424;0.178938;0.000000;0.099483;0.021570;0.141598
1980-07;0.000000;0.000000;0.000000;0.276101;0.065891;0.274322;0.181301;0.000000;0.158328;0.044058
1980-08;0.025000;0.025000;0.025000;0.400000;0.025000;0.025000;0.025000;0.025000;0.025000;0.400000
1980-09;0.316847;0.000000;0.000000;0.165147;0.050819;0.000000;0.000000;0.000000;0.201396;0.265791
1980-10;0.300261;0.234316;0.359346;0.000000;0.000000;0.000000;0.000000;0.000000;0.000000;0.106077
1980-11;0.000000;0.000000;0.000000;0.000000;0.400000;0.000000;0.000000;0.000000;0.400000;0.200000
1980-12;0.000000;0.000000;0.000000;0.054142;0.000000;0.087243;0.230504;0.000000;0.299425;0.328686
1981-01;0.240992;0.000000;0.000000;0.000000;0.134433;0.169166;0.177410;0.000000;0.156750;0.121248
1981-02;0.400000;0.265129;0.000000;0.000000;0.334871;0.000000;0.000000;0.000000;0.000000;0.000000
1981-03;0.000000;0.000000;0.000000;0.120734;0.400000;0.243760;0.000000;0.098797;0.136710;0.000000
1981-04;0.400000;0.000000;0.000000;0.000000;0.394412;0.000000;0.000000;0.171970;0.000000;0.033619
1981-05;0.336825;0.000000;0.181706;0.132431;0.259217;0.000000;0.000000;0.089820;0.000000;0.000000
1981-06;0.000000;0.049674;0.006186;0.244777;0.110618;0.087143;0.245838;0.000000;0.000000;0.255764
