month  ;     ME1;     ME2;     ME3;     ME4;     ME5;     ME6;     ME7;     ME8;     ME9;    ME10
1947-08;0.206341;0.070755;0.148664;0.113166;0.070086;0.119525;0.083532;0.105962;0.070417;0.011553
1947-09;0.137933;0.173375;0.194169;0.052378; 0.13943;0.001197;0.052747;0.074386;0.086042;0.088342
1947-10;0.112659;0.142073;0.100802;0.093332;0.132349;0.024056;       0;0.199705;0.103298;0.091727
1947-11;0.099002;0.097845;0.115266;0.031961;0.068821;0.101677;0.123152;0.109438;0.120896;0.131942
1947-12;0.126446;0.160095;0.117369;0.077848; 0.07869;0.097046;0.059043;0.074322;0.096008;0.113133
1948-01;0.084424;0.102424;0.116089;0.106655;0.069044;0.118279;0.141035;0.002216;0.112085;0.147749
1948-02;0.122571;0.126692;0.079435;0.082548;0.069316;0.090053;0.181268; 0.08427; 0.10527;0.058577
1948-03;       0;  0.1805;0.024743;0.167072;0.131206;0.185324;0.126124;0.040988;0.111189;0.032853
1948-04;0.116794; 0.09419;0.111458; 0.04077;0.134971;0.114806;0.149193;0.090781;0.056054;0.090985
1948-05;0.046623;0.071661;0.129076;0.060499;0.177161;0.090282;0.129908;0.115021;0.098388;0.081382
1948-06;0.139135;0.130968;0.118618;0.063148;0.032156;0.170768;0.103947;0.154739;       0;0.086522
1948-07;       0;0.115701;0.147956;       0;0.076791;0.032353;0.083954;0.194445;0.135363;0.213435
1948-08;0.152342;0.135268; 0.17135;0.114722;0.195682;       0;0.209164;0.021472;       0;       0
1948-09;0.110262; 0.11209;0.128751;0.103714;0.072612;0.135928;0.063117; 0.07397;0.103336; 0.09622
1948-10;0.092713;0.049638;0.119206;0.047436;0.104556;0.130539;0.106263;0.101533;0.078913;0.169204
1948-11;0.050007;0.066028;0.063704;0.139181;0.138521;0.126481;0.160256;0.035845;0.130044; 0.08993
1948-12;0.143739;0.111386;0.108898;0.143949;0.095533;0.049835;0.099331;0.088145;0.149871;0.009312
1949-01;0.046477;       0;0.071989;0.225635;0.104176;0.133764;0.185148;0.128358;0.104452;       0
1949-02;0.037116;0.137591;0.135239;0.074015;0.097371;0.075823;0.054477;0.139539;0.192651;0.056178
1949-03;0.117978;0.132592;0.157242;0.153791; 0.13263;0.131778;0.014501;0.064026;0.064541;0.030921
1949-04;0.085839;0.226643;0.215368;       0;0.129611;       0;       0;0.005928;0.219068;0.117544
1949-05;0.126269;0.084365;0.118331;0.125456;0.115872;0.156196;0.077749;0.063492; 0.03291;0.099362
1949-06;0.120565;0.055901;0.124284;0.132585;0.021494;  0.1243;0.075587; 0.10086;0.115193;0.129231
1949-07;0.038121;0.125969;0.108456;0.114599;0.204488;0.125584;0.076079;0.048513;0.067803;0.090388
1949-08;0.039694;0.120745; 0.30706;0.103416;0.013769;0.077838;0.126063; 0.04534;0.130276;  0.0358
1949-09;0.038616;0.141899;0.156936;0.172348;0.167854;0.045114;0.092153;0.084735;0.061093;0.039251
1949-10;0.389115;       0;       0;0.060775;0.109889;0.163551;0.100564;0.104627;0.064211;0.007268
1949-11;0.273925;       0;0.092675;0.029324;0.127321;0.063381;0.112134;0.106807;0.075385;0.119049
1949-12;0.131772;0.119696;0.150877;0.070137;0.158345;0.028284;0.019172;0.138434; 0.08571;0.097571
1950-01;0.079739; 0.14713;0.087357;0.133044;0.069801;0.115618;0.102438;0.090218;0.103209;0.071445
1950-02;0.072337;0.010468;0.060231;0.152381;0.090321;0.177299;0.116983;0.127121;0.069297;0.123562
1950-03;0.124856;0.141027;0.108038;0.122524;0.102684;0.073513;0.063273;0.069404;0.099867;0.094814
1950-04; 0.04693;0.078038;0.060741;0.126371;0.090973; 0.09147;0.127859; 0.17109;0.111911;0.094618
1950-05;0.093451;0.102332;0.124907;0.091965;0.142648;0.091075;0.069805;0.091848;0.096496;0.095474
1950-06;0.130281;0.139996;0.162334; 0.08359;0.114299;0.082278;0.083309;0.064342;0.073556;0.066015
1950-07;0.091577;0.088253;0.097538;0.105109;0.120662;0.126481;0.102798;0.105912;0.083072;0.078599
1950-08;0.122512;0.064771;0.083766;0.098137;0.135817;0.115674;0.136762;0.120252;0.078947;0.043363
1950-09;0.134015;0.072678;0.103046;0.113422;0.091117; 0.07135;0.106111;0.141196;0.079314; 0.08775
1950-10;0.045388; 0.14175; 0.11809;0.158318; 0.11199;0.089874;0.134188;0.112498;0.022452;0.065451
1950-11;0.064795;0.070314;0.078204;0.068341;0.136029;0.086285;0.108808; 0.13498;0.106476;0.145767
1950-12;0.076928;0.123575;0.080212;0.120506;0.086096;0.095069;0.097859;0.112087;0.086243;0.121424
1951-01;0.150023;       0;0.148699;0.159969;0.013841;0.063351;0.051195;0.145351;0.133899;0.133672
1951-02;0.147837;  0.0755; 0.08864;0.072176;0.066302;0.082643;0.118845;0.203798;0.071714;0.072544
1951-03;0.089864;0.017084; 0.05788;0.104783;0.179441;0.092888; 0.10356; 0.13658; 0.09767; 0.12025
1951-04;0.058132;0.117409;0.138755;0.117267;0.082375;0.140614;0.095328;0.089575;0.073554;0.086993
1951-05;0.087129;0.203048;0.058304;0.024784;       0;0.069992;0.200379;0.050558;0.134676;0.171129
1951-06;0.169216;0.045493;0.111596;0.088387;0.146775;0.126063;0.059467;0.088197; 0.07193;0.092877
1951-07;0.088703;0.050921;0.115623;0.103415;0.130906;0.146477;0.038592;0.151798; 0.12595;0.047616
1951-08;0.165053;0.059779;0.048118;0.118104;0.064595;0.083951;0.160799;0.096484;0.120844;0.082272
1951-09;0.139661;       0;0.102225;0.091855;0.199025; 0.08169;0.099929;       0;0.169432;0.116184
1951-10; 0.24187;0.152264;0.046428;0.098765;0.103343;0.060174;0.004199;0.068157;0.094821;0.129978
1951-11;0.048433;0.155802;0.082165;0.124785;0.105471;       0;0.102908;0.127557;0.153932;0.098947
1951-12;0.098729;0.118376;0.110827;0.058171;0.118242;0.035995;0.203016;0.085352; 0.09388;0.077415
1952-01;0.127165;       0;0.123142;0.161595;       0;       0;       0; 0.10166;0.236215;0.250223
1952-02;0.121961;0.036051;0.075183;  0.1234;0.154922;0.132169;0.112551;0.071181;0.087273;0.085308
1952-03;0.048973;0.085851;0.101434;0.091195;0.194125; 0.16158;0.136261;0.012929;0.125679;0.041974
1952-04;0.074445;0.158564;0.126631;0.082306;0.053431;0.073565;0.151857;0.103838;0.099756;0.075607
1952-05; 0.12241;0.058532;0.070044;0.111437;0.079011;0.110069;0.109414;0.072413;0.148132;0.118539
1952-06;0.114751;0.074651;0.081275;0.118951;0.095443;0.238633;0.075096;0.053899; 0.12088;0.026423
1952-07;0.142331;0.087306;0.185939;0.127365;0.079558;0.084149;0.059313;0.083088;0.055904;0.095046
1952-08;0.125099;0.027793;0.076507;0.048692;0.041186;0.141101;0.124986;0.112598;0.129042;0.172997
1952-09;0.134177;0.117621;0.083643;0.100057;0.066359;0.003914;0.077561;0.136685;0.100864;0.179118
1952-10;0.124704;0.060062;0.110565;0.057484;0.088899;0.075804;0.144196;0.127726;0.108836;0.101724
1952-11;  0.1066;0.220711;0.085862;0.122922;0.052467;0.083657;0.076278; 0.09136;0.095255;0.064888
1952-12;0.050375;0.107847;0.070123;0.124924;0.084532;0.178001;0.099678;0.079138;0.118706;0.086676
1953-01;0.104785;0.093423;0.038193;0.096601;0.098962;0.092509;0.082054;0.088983; 0.23649;0.068001
1953-02;0.134018;0.099368;0.086898;0.108272;0.114613;0.126902;0.094143;0.112197; 0.12359;       0
1953-03;0.102025;0.068426;0.124528;0.116752;0.133962;0.087769;0.079269;0.083607;0.124963;0.078698
1953-04;0.093266;       0;0.005143;0.122621;0.122658;0.065385;0.216861; 0.07786;0.095778;0.200428
1953-05; 0.12805;0.131353;0.133447;0.151788;0.122812;0.092002; 0.07971;0.075083;       0;0.085754
1953-06;0.127427;0.010545;0.050287;0.072557;0.075396;0.152741;0.135818;0.113143;0.175495;0.086591
1953-07;0.221714;0.003925;0.042143;0.099465;0.135539;0.090629;0.079721;0.143064;0.082616;0.101184
1953-08;0.184552;       0;0.076465;0.085423;0.105355;0.110512;0.100011;0.129457;0.117383;0.090843
1953-09;0.122558; 0.13526;0.068297;0.073293;0.081248;0.234811;0.082916;0.080107;0.065159;0.056351
1953-10;0.122597;0.103339;0.083118;0.031042;0.130452;0.165271;0.093042;0.081434;0.076179;0.113527
1953-11;0.089307;0.091239;0.062431;0.154942;0.084576;0.141185;0.086935;0.124997; 0.07811;0.086278
1953-12;0.161972; 0.07457;0.118363;0.094462;0.128513;0.035869;0.098455;0.105447;0.091456;0.090893
1954-01;0.106132;0.089698;0.124852;0.099702;0.074432;0.054536;0.092598;0.113726;0.112713;0.131611
1954-02;0.073888;0.030952;0.065765;0.096164; 0.08158;0.134957;0.096067;0.104848;0.180029;0.135749
1954-03;0.095121;0.066757;0.046146;0.084029;0.072048;0.173582;0.140551;0.106625;0.137783;0.077358
1954-04;0.068792;0.049635;0.119347;0.092924;  0.1891;0.077321;0.075775;0.088551;0.130453;0.108103
1954-05;0.115296;0.087552;0.068424;0.117755;0.123338;0.128049;0.105217;0.069515;0.121813;0.063041
1954-06;0.128408; 0.05908;       0; 0.13835;  0.0684;0.233557;0.112801;0.081004;0.091478;0.086923
1954-07;0.102008; 0.10279;    0.12;0.103781;0.107026; 0.12206;0.090852;0.090756;0.101769;0.058957
1954-08;0.075132;0.044749;0.074406;0.102249;0.103562;0.058588;0.130444;0.130936;0.130245;0.149689
1954-09;0.094772; 0.07469;0.090093;0.113297;0.080281;0.168639;0.094741;0.084601;0.112038;0.086847
1954-10;0.138442;0.127043;0.105051;0.092273;0.110575;0.159217;       0;0.075406;0.101035;0.090959
1954-11; 0.08156;0.045678;0.067501;0.082282;0.143165;0.092098;0.122868;0.118015;0.126024; 0.12081
1954-12; 0.20121;0.054663;0.074933;0.037333;0.128968; 0.05714;0.133838;0.135517;0.102159;0.074238
1955-01;0.113643;0.139323;0.115147;0.120166;0.084539;0.119313; 0.10314;0.062194;0.046109;0.096426
1955-02;0.202046;0.067778;0.080749;0.039792;0.065348;0.169419;0.056673;0.097605; 0.12738;0.093211
1955-03;0.115804;0.142999;0.037541;0.084543; 0.09866;0.029818;0.182933;0.144365;0.136609;0.026728
1955-04;0.146799;0.082092;0.097544;0.081857;       0;0.149955; 0.11183;0.142345;0.049983;0.137597
1955-05;0.133778;0.124261;0.062563;0.038185;0.105128;0.089189;0.094714; 0.08433;0.124068;0.143785
1955-06;0.176041;0.066295;0.067707;0.109873;0.102914;0.071329;0.103896;0.073023;0.105318;0.123605
1955-07;0.135338;0.128979;0.067994;0.119227; 0.10416;  0.0984;0.112724;0.087146;0.090755;0.055277
1955-08;0.226518;  0.0515; 0.11113;0.110179;0.077832;0.097282;0.088307;0.068645;0.094453;0.074154
1955-09;0.188836;0.125729;0.099541;0.098597;0.094024;0.086805;0.085522;0.078215;0.067959;0.074772
1955-10;0.225451;0.071868;0.082043;0.078331;0.096143;0.080373;0.099026;0.080434;0.086765;0.099566
1955-11;0.197142; 0.09104;0.058511;0.077089;0.138413;0.077831;0.087766;0.092876;0.084725;0.094607
1955-12;0.130473;0.083702;0.065238;0.120701;0.115125;0.102827;0.106477;0.071238;0.109067; 0.09515
1956-01;0.114162;0.100524;0.060154;0.127155;0.110102;0.080895;0.087377; 0.11217;0.085396;0.122065
1956-02;0.184921;0.050387;0.093154;0.176368;0.140703;0.116199; 0.08374;0.106364;0.048163;       0
1956-03;0.117116;0.062921;0.079403;0.123039; 0.11938;0.110426; 0.12017;0.062033;0.142184;0.063327
1956-04;0.115624;0.087406;0.081893;0.109558;0.094982;0.118365;0.100068;0.079543;0.076647;0.135914
1956-05;0.141386;0.074675;0.079118;0.100382;0.093175; 0.09945;0.095527;0.070625;0.123015;0.122648
1956-06;0.181509;0.138192;0.070698;0.108496; 0.10718;0.107862;0.096707;0.087983;0.101372;       0
1956-07;0.108917;0.018565;0.066778;0.118222;0.118578;0.086668;0.134599;0.075827; 0.15421;0.117637
1956-08;0.108003;0.042094;0.071809;0.120072;0.097939;0.111467;0.081922;0.061651;0.095172;0.209871
1956-09;0.089498; 0.13279;0.064861;0.108679;0.120635;0.102831;0.104925;0.094983;0.081082;0.099717
1956-10;0.072148;0.108233;0.097706;0.279816;0.089373;0.170734;0.065626; 0.10171;0.014653;       0
1956-11;0.065062;0.139443;0.160849;0.086334;0.134728;0.091183;0.067085;0.059371;0.060681;0.135265
1956-12;0.101605;0.125166;0.118409;0.109631;0.125549;0.071976;0.100637;0.175874;0.014145;0.057009
1957-01; 0.11345;0.141759;0.050424;0.100586;0.157365;0.086342;0.088873;0.164245;       0;0.096955
1957-02;0.158999;0.115766;0.065717;0.120492;0.066542;0.154368;0.082246;0.123174; 0.03573;0.076967
1957-03;0.116171;0.146868;0.142341;0.049941;0.027835;0.093087; 0.14018;0.100094;0.096507;0.086979
1957-04;0.093827;0.130279;0.095542;0.083783;0.156544;0.097322; 0.14497;0.110754;0.011914;0.075065
1957-05;0.095611;0.107531;0.069603;0.117067;0.116366;0.155636;0.130719;0.108299;0.099167;       0
1957-06;0.108641;0.125538;0.158758;0.125475;0.113775;0.063994;0.077438;0.107829;0.041239;0.077312
1957-07;0.088557;0.143629;0.079182;0.091752;0.065614;0.094067;0.115002;0.049852;0.088968;0.183376
1957-08;0.106991; 0.07079;0.087781;0.056617; 0.07848;0.190228;0.093006;0.089918;0.085387;0.140802
1957-09;0.084925;0.077645;0.084263;0.118237;0.085609;0.162652;0.090358;0.063713;0.090219;0.142379
1957-10;0.159451;0.134766;0.088959;0.106208;0.127852;0.098738;0.093225;0.046304;0.070905;0.073593
1957-11;0.103995;0.070458;0.044083;0.071766;0.055694;0.185889;0.103009; 0.20492;0.054048;0.106136
1957-12;0.027108;0.137584;0.055863;0.046174;0.110243;0.049992;0.061754;0.181754;0.048878;0.280651
1958-01;0.011717;0.134382;0.161775;0.116171;0.193278;0.093613;       0; 0.13744; 0.03785;0.113774
1958-02;0.110359;0.112424;0.027923;0.161745;0.246284;0.164251; 0.13932;       0;0.037695;       0
1958-03;0.229444;0.081875;0.148206;0.076428;0.064381;0.252414;0.024533;       0;0.022749;0.099971
1958-04;0.063951;0.105341;0.078406;0.111651;0.138901;0.085912;0.124751;0.128811;0.081039;0.081237
1958-05;0.077297;0.138042;0.064783; 0.11791;0.067172;       0;0.106832;0.149572;0.166378;0.112015
1958-06;0.002634;0.132451;  0.1986;0.035591;0.043902;0.076152;0.179986;0.153202;0.165456;0.012026
1958-07;0.059949;0.175687;       0;0.134978;0.093259;0.047686;0.124279;0.099845;0.192118;0.072198
1958-08;0.156932;0.136422;0.082173;0.096625; 0.07346;0.012269;0.117814;0.129871; 0.13603;0.058404
1958-09;0.116522;0.110593; 0.06225;0.049529;       0;0.076524;0.211468;0.202929;0.088135;0.082051
1958-10;0.109598;0.087461;0.081715;0.049718;0.059838;0.192748;0.125786;0.059278;0.088978;0.144882
1958-11;0.125477;0.040101;0.087186;0.090656;0.227823;0.097528;0.083796;0.065342;0.093599;0.088491
1958-12;0.098026;0.091098;0.085711;0.068701;0.097378;0.107629;0.121366;0.142692;0.088976;0.098423
1959-01;0.093036;0.123085;0.110726;0.084337;0.104425; 0.08224;0.078583;  0.1027;0.100685;0.120184
1959-02;0.132436; 0.09075;0.064665;0.087167;0.099146; 0.14858;0.109935;0.095011;0.093788;0.078522
1959-03;0.117617;0.132502;0.087126;0.093916;0.111994;0.110663;0.087424;0.105347;0.066083;0.087328
1959-04; 0.12689;0.077512;0.087956;0.057391;0.109592;0.134135;0.098857;0.093548;0.090426;0.123693
1959-05;0.133074;0.093649;0.083792;0.056166;0.087668;0.152677;0.104493;0.087455;0.090962;0.110064
1959-06;0.119767;0.099865;0.068202;0.062921;0.073791;0.255457;0.070408;0.075071;0.084787; 0.08973
1959-07;0.099824;0.123487;0.083353;0.074004; 0.04592;0.194136;0.103188;0.092742;0.085777; 0.09757
1959-08;0.121954;0.109768;0.068023; 0.08464;0.072091;0.238174;0.090512;0.086869;0.051834;0.076136
1959-09;0.092894;0.105786;0.102808;0.071696;0.106829;0.128965;0.117143;0.094125;0.101479;0.078274
1959-10;0.112187;0.100685;0.077857;0.107117;0.093602;0.121037;0.104703; 0.09096;0.087563;0.104288
1959-11;0.127427;0.068098;0.079867; 0.09893;  0.0761;0.159202; 0.12435;0.083052;0.083371;0.099603
1959-12;0.153382;0.109173;0.107336;0.094705;0.082577;0.108959;0.076001;0.072604;0.066841;0.128422
1960-01;0.158089; 0.13765;0.104833;0.085312;0.092609;0.157202;       0;0.085922;0.089585;0.088797
1960-02;0.146662;0.087431;0.083528;0.191804;0.101619; 0.09629;0.058653;0.073353;0.084796;0.075864
1960-03;0.198288;0.103674;0.085926;0.100841;0.084744;0.125347;0.083555;0.067046;0.085872;0.064706
1960-04;0.128428;0.125293;0.091268;0.087263;0.097665;0.134498;0.106816;0.071189;0.080339;0.077241
1960-05;0.142934;0.142237;0.087698;0.113987;0.094392;0.113201;0.064191;0.084199; 0.08469;0.072471
1960-06;0.123436;0.160866;0.123364;0.113353; 0.14947;       0;0.113973;0.125902;0.089637;       0
1960-07; 0.13933;0.127406;0.095919;0.113576;0.124204;0.057388;0.096159;0.085959;0.088084;0.071975
1960-08;0.161584;0.126785;0.132946;0.085677;0.102793;0.084931;0.089035;0.092831;0.047138; 0.07628
1960-09; 0.07899;0.112168;0.085603;0.093528;0.106446; 0.11115;0.092009;0.096569;0.104354;0.119184
1960-10;0.135617;0.144806;0.079453; 0.10626;0.085759;0.100395;0.132696;0.121874; 0.09314;       0
1960-11;0.116331;0.080651;0.107393;0.091669; 0.05762;0.097777;0.115617; 0.09876;0.109341; 0.12484
1960-12;0.112089;0.118046;0.099627;0.125179;0.088609; 0.14227;0.079824;0.106922;0.092345; 0.03509
1961-01;0.154954;0.135488;0.080037; 0.10947;0.078194;0.093612;0.103378;0.075119; 0.10345;  0.0663
1961-02;0.068155;0.102339;0.082238;0.191397;0.032212;0.080959;0.096869; 0.09158;0.106321;0.147931
1961-03;0.092259;0.099685;0.055431; 0.12074;0.074148;0.121776;0.145225;0.116736;0.078255;0.095747
1961-04;0.117957; 0.13925;0.074221;0.148304;0.114139; 0.06306;0.032736;0.162638;0.105116;0.042579
1961-05;0.141971;0.063637; 0.08758;0.122109;0.116104;0.109432;0.087207; 0.05913; 0.12056; 0.09227
1961-06;0.155291;0.113547;0.125849;0.035665;0.101226;0.127984;0.114469;0.133709; 0.09226;       0
1961-07;0.071957;0.116582;0.094039;0.128339;0.099381;0.113679; 0.11953;0.030909;0.107762;0.117823
1961-08;0.089156;  0.1611; 0.09265;0.017118;0.121208; 0.10281;0.116995;0.094176;0.089731;0.115054
1961-09;0.129232;0.118437;0.151259;0.140442;0.085113;0.098839;0.043696;0.019586;0.098855;0.114542
1961-10;0.121421;0.089588;0.106009;0.106106;0.105592;0.104451;0.127364;0.041889;0.102892;0.094687
1961-11;0.134114;0.116995;0.121431; 0.09917;0.082498;0.114121;0.076599;0.073458;0.082559;0.099054
1961-12;0.114088;0.077983;0.085711;0.086996; 0.09274;0.093569;0.085848;0.083134;0.146467;0.133465
1962-01;0.123326;0.103665;0.088132;0.093207;0.106027;0.107466;0.111272;0.058229; 0.08011;0.128565
1962-02;0.131255;0.110412; 0.10081;0.090126;0.105201;0.104048;0.097006;0.075129; 0.11874;0.067273
1962-03;0.128768;0.118373;0.094121;0.121064;0.091692;0.092646;0.099762;0.076855;0.109159; 0.06756
1962-04;0.109348;0.158905;0.086913;0.120187;0.108948;0.088899;0.105732;0.085748;0.070541;0.064778
1962-05;0.108013;0.089288;0.098178; 0.12878; 0.09394;0.124003;0.093239;0.103563;0.079164;0.081831
1962-06;0.118141;0.088363;0.055815;0.097052;0.121888;0.119101;0.120456;0.097396; 0.10109;0.080699
1962-07;0.041254;0.102616;0.172779;0.237821;0.017481;0.029596;0.033821;0.113546; 0.20151;0.049577
1962-08;0.074714;0.052188;0.049808;0.181214; 0.07493;0.101048; 0.06165;0.144669;0.183953;0.075826
1962-09;0.113531;0.084458;0.105327;0.191187;0.102952;0.162648; 0.12692;0.082703;0.030274;       0
1962-10;     0.4;0.305013;0.294987;       0;       0;       0;       0;       0;       0;       0
1962-11;0.066667;     0.4;0.066667;0.066667;0.066667;0.066667;0.066667;0.066667;0.066667;0.066667
1962-12;0.200708;       0;0.162893;0.121895;0.074051;0.071858;0.135821;       0;0.232775;       0
1963-01;0.091724;0.078665;0.154377;0.084497; 0.12986;0.159214;0.110333;0.023038; 0.16829;       0
1963-02;   0.025;   0.025;   0.025;   0.025;   0.025;   0.025;     0.4;     0.4;   0.025;   0.025
1963-03;0.246576;0.166443;       0;0.087451;0.087656;0.127344; 0.08521;0.028831; 0.14533; 0.02516
1963-04;0.292332;0.184676;       0;       0;       0;0.068734;       0;0.293822;0.160435;       0
1963-05;0.097207;0.149373;0.132232; 0.18852;0.174645;       0;0.189515;0.068507;       0;       0
1963-06;0.171389;0.106367;0.079726;       0;0.033548;0.070655;0.077033;0.158839;0.151493; 0.15095
1963-07;0.212244;0.032877;       0;0.150071;0.118488;0.099638;0.084693;0.165242;0.136748;       0
1963-08;0.077268;0.094517;0.075967;0.066757;0.025796;0.036262;0.072546;0.103541;0.269759;0.177587
1963-09;0.181332;0.117826; 0.09319;0.112146;0.088874;0.116453;0.091615;0.074253;0.111253;0.013058
1963-10;0.228236;0.080534;0.121791;0.085985;0.018497;0.093684;0.114586;0.080538;0.014208;0.161941
1963-11;0.190706; 0.08137;0.068507;0.097843;0.064874; 0.13475;0.062002;0.069721;0.121399;0.108828
1963-12;0.153549;0.079068;0.053159;0.149785;0.100729;0.026424;0.067305;0.076218;0.152077;0.141686
1964-01;0.134514;0.057186;0.143995;0.107601;0.081956;0.108081;0.098327;0.087625;0.066989;0.113726
1964-02;0.176944;0.094352;0.067754;0.119677;0.097771; 0.07975;0.091918;0.074235;0.113025;0.084575
1964-03; 0.13382;0.102301;0.089061;0.128819;0.093321;0.111014;0.089681; 0.05967;0.076924;0.115388
1964-04;0.152322; 0.09107;0.067207;0.095239;0.113641;0.110834;0.097011;0.084902;0.091794;0.095979
1964-05;0.165769;0.108222;0.051244;0.104161;0.121027;0.064004;0.110437;0.096681;0.093051;0.085405
1964-06;0.157987; 0.09895;0.073147;0.120544;0.070484;0.082835;0.111355;0.105065;0.094997;0.084635
1964-07;0.137268;0.106919;0.087036;0.105373;0.079568;0.069942;0.098207;0.062204;0.089617;0.163866
1964-08;0.134349;0.117313;  0.1092; 0.11348;0.074488;0.093552;0.106791;0.094856;0.042406;0.113564
1964-09;0.105828;0.088685;0.093249; 0.10036;0.103636;0.080795;0.113062;0.083636;0.104306;0.126442
1964-10;0.104228;0.076361;0.079286;0.092227;0.106919;0.098327;0.110581;0.087103; 0.11629;0.128679
1964-11;0.105066;0.091749;0.079364;0.101744;0.084067;0.113313;0.098162;0.096991;0.124564;0.104981
1964-12;0.112619;0.101373;0.123604;0.091279;0.094613;0.100815;0.098543;0.071293;  0.1097;0.096159
1965-01;0.117181;0.085294;0.096783; 0.09591;0.100301;0.071359;0.099586;0.102819;0.094242;0.136525
1965-02;0.118181;0.066305;0.080166;0.106467;0.097079;0.142525;0.100705;0.071749;0.102823;   0.114
1965-03;0.093337;0.056141;0.050209;0.122501;0.105851;0.093784; 0.07569;0.192695; 0.09808;0.111712
1965-04;0.101031;0.086746;0.141425; 0.11106;0.099756;0.068176;0.079469;0.125217; 0.09556;0.091561
1965-05;0.122305;0.120221; 0.10699; 0.10195;0.084656;0.095862;0.105758;0.094028;0.092286;0.075944
1965-06;0.124234; 0.11009;0.074169;0.102711;0.076375;0.135986;0.100319;0.098394;0.087767;0.089956
1965-07;0.162664;0.085499;0.090586; 0.08723;0.079475;0.096916;0.092934;0.113255;0.071068;0.120373
1965-08;0.136162;0.093203;0.062288; 0.01698;0.082724;0.099455;0.126609;0.119743; 0.12697;0.135866
1965-09;0.130673;0.085313;0.048094;0.143854;0.062275;0.097624;0.075277;0.129962;0.112118; 0.11481
1965-10;0.160235;0.198986; 0.07481;0.139628;0.153641;0.084653;0.089146;0.062932;0.035969;       0
1965-11;0.157292;0.088202;0.111677;0.104092;0.104517;0.007194;       0;0.043497;0.191972;0.191556
1965-12;0.101399;0.065504;0.125119; 0.16586;0.098258;0.090662;0.067188;0.087929;0.090248;0.107834
1966-01;0.129705;0.069976;0.088686;0.101094;0.152246;0.177224;0.128864;0.022575;0.108955;0.020673
1966-02;0.374155;0.057799;0.084047;0.105542;0.053618;0.024073;0.091859;0.085754;0.078011;0.045143
1966-03;0.016408;0.108936;0.191182;0.059423;0.185423;0.135318;0.129517;0.034134;0.074889; 0.06477
1966-04;0.135816;0.110199; 0.13858;0.145185;0.068588;0.084102;0.087187;0.047685;0.094812;0.087846
1966-05; 0.16909;0.135568;       0;0.012648;0.104394;0.112653; 0.06534;0.121889;0.139357;0.139061
1966-06;0.203693;0.139026;0.106649;0.052836;0.118628;0.068915;  0.1123;0.046618;0.074855;0.076481
1966-07;0.136028;0.040674;0.117951;0.078712;0.061934;0.107587;0.082982; 0.13109;0.150835;0.092208
1966-08;0.077365;0.074604;0.056467;0.146329;0.071943; 0.07668;0.094699;0.187128;0.077651;0.137134
1966-09;0.279911;0.081989;0.059712;0.091108;0.092871;0.064649;0.090774;0.060641;0.089479;0.088867
1966-10;0.170363;0.115667;0.059107;       0;       0;0.065625;0.136644;0.148145;0.155365;0.149084
1966-11;0.057201;0.066195;0.074342;0.106071;0.044813;0.109724;0.081114; 0.08381;0.271462;0.105268
1966-12;0.090049;0.065942;0.159498;0.072414;0.059329;0.221542;0.111971;0.078626;0.055928;  0.0847
1967-01;     0.4;0.337849;0.105574;       0;0.152595;       0;       0;0.003982;       0;       0
1967-02;       0;0.019917;       0;0.013997;0.122882;0.093452;0.122867;0.213686;0.176084;0.237115
1967-03;  0.0556; 0.06559;0.151891;0.043505;0.167763; 0.16536; 0.14736;0.039954;0.075261;0.087716
1967-04;       0; 0.11541;       0; 0.07854;       0;       0;0.115091;0.144627;0.282972; 0.26336
1967-05;       0;0.164773;0.012866;0.009047; 0.06999;0.083728;0.125699;0.166754;0.191276;0.175867
1967-06;       0; 0.08023;0.049035; 0.08891;0.165014;0.119415;0.128998;0.162366;0.103425;0.102606
1967-07; 0.07944;0.089077;       0;0.107222;0.069618;0.203371;0.211427;       0; 0.14224;0.097605
1967-08;0.139294;0.124515;0.143342;0.107117;0.137403;0.050455;0.114922;0.004397;0.083915;0.094641
1967-09;0.089154;0.042425;0.032182;0.067826;0.153915;0.151002;0.115448;0.105736;0.161502; 0.08081
1967-10;0.103226;0.042228;0.059499;0.045202;0.056809;0.101128;0.068393;0.089378; 0.26507;0.169068
1967-11;0.115646;0.096468;0.084763;0.109782;0.097017;0.142556;0.096639;0.084494;0.089063;0.083573
1967-12;0.146094;0.086216; 0.10529;0.088378;0.102118;0.106742;0.106559;0.077406;0.097912;0.083285
1968-01;0.085356; 0.07985; 0.09388;0.102189; 0.08405;0.101403;0.095377;0.096063;0.099535;0.162298
1968-02;0.131388;0.078086;0.082475;0.136457;0.111539;0.111717;0.107558;0.076952;0.086991;0.076838
1968-03;0.160448;0.092372;0.145287;0.076243;0.132671;0.075274;0.120368;0.064362;0.072964;0.060011
1968-04;0.087738;0.101705;0.070263;0.081268;0.153648;0.094336;0.104898;0.120906;0.078519;0.106721
1968-05;0.054125;0.062883;0.072245;0.115236;0.100041;0.036957;0.121782;0.175116;0.124145;0.137469
1968-06;0.120687;0.052697;0.121852;0.034659;0.154266;0.072927;0.083334;0.094826;0.196254;0.068499
1968-07;       0;0.119766;0.116773;0.110418;0.266341;0.132051;0.132865;0.024605;0.036559;0.060622
1968-08;0.004542;0.052304;0.114079; 0.13026;0.120134;0.071981;0.057179;0.127142;0.135463;0.186918
1968-09; 0.08104;       0;0.108635;0.144717;0.069008;0.059526;0.098839;0.140784;0.164862;0.132591
1968-10;0.198416;0.099491;0.103114;0.093421;0.143802;0.154566;0.099068;0.108122;       0;       0
1968-11; 0.02108;0.098693;0.023328;0.092026;0.037136;0.174346;0.106512;0.157373;0.130694;0.158811
1968-12;0.110874;0.054019;0.052649;0.141361;0.113871; 0.13388;0.027829; 0.05436; 0.14784;0.163318
1969-01;0.110264;0.096196; 0.02338;0.062164;0.086822;0.093114;0.077839;0.139842;0.212539;0.097841
1969-02;0.051345;0.142668;0.095108;0.177259;0.109547; 0.19917; 0.13215;       0;       0;0.092754
1969-03;0.112402; 0.12601;0.090075;0.096049;0.095446;0.112865;0.118104;0.011008;0.070338;0.167703
1969-04;0.114433; 0.07583;0.109766;0.106878;0.072512;0.076684; 0.10101;0.078506;0.118267;0.146114
1969-05;0.081401;0.106773; 0.07672;0.110142;0.117089;0.161794;0.080712;0.107245;0.102047;0.056077
1969-06;0.093022;0.067522;0.079201;0.096945;0.079148;0.130188;0.126715;0.115539;0.084011;0.127709
1969-07;0.092741;0.088361;0.081334;0.039692;0.038846;0.196285;0.062625; 0.11621;0.135516; 0.14839
1969-08;       0;0.078714;0.081893;0.083463;0.069172;0.146021;0.059692;0.117013;0.254164; 0.10987
1969-09;       0; 0.09513;0.079174; 0.08192;0.066776; 0.00857;0.072875;0.333723;0.041588;0.220244
1969-10;0.309658;0.134218;0.165025;0.112558;0.003771;0.030254;0.015203;0.127823;0.019185;0.082305
1969-11;       0;0.230351;       0; 0.10616;0.141054;       0;0.130734;       0;0.266986;0.124715
1969-12;     0.4;0.023544;0.054523;       0;0.128858;       0;0.157963;0.128969;0.106142;       0
1970-01;0.161191;0.045114;  0.0841;0.142083;       0;       0;0.109992;0.233095;       0;0.224425
1970-02;0.046229;0.191556; 0.07642;0.177044;  0.1008;0.073331;0.093625;0.084125;0.122905;0.033964
1970-03;0.323681;0.184863;0.100158;0.154294;0.044964;       0;0.068616;0.017472;0.069566;0.036386
1970-04;0.154443;0.020841;0.087562;0.158776; 0.12393;0.013952;0.085438;0.081818;0.134901;0.138339
1970-05;0.231863;       0;0.049535;0.044018;0.078672;       0;0.080943;0.124706; 0.19896;0.191303
1970-06;0.092623;       0;0.196215;0.238248;0.122315;       0;0.141551;0.039507;0.163104;0.006436
1970-07;0.346241;0.001454;0.011403;0.072294;0.048992;0.168168;0.087007;0.052525;0.162943;0.048974
1970-08;0.306815;0.058249;0.115461;0.032687; 0.05946;0.217465;       0;0.036991; 0.12277;0.050102
1970-09;       0;0.396436;0.083512;       0;     0.4;       0;0.120051;       0;       0;       0
1970-10;0.152087;0.225243;       0;       0; 0.22267;       0;       0;       0;       0;     0.4
1970-11;0.093303;0.051976;0.100441;       0;0.047947;0.043484;       0; 0.23095;0.179948; 0.25195
1970-12;       0;0.064102;       0;     0.4; 0.29439;       0;       0;       0; 0.16323;0.078277
1971-01;0.218506; 0.09351;0.007678;0.089734;       0;0.085176;0.060986;0.020525;0.186111;0.237774
1971-02; 0.03805;0.176568;       0; 0.16204;0.082934;0.112365;0.098523; 0.20902;  0.1205;       0
1971-03;       0;       0;       0;       0;0.283854;0.180837;       0;0.349606;0.185703;       0
1971-04;0.058668;0.197176;0.028144; 0.10168;0.033798;0.127159;0.033897;0.083817;0.082996;0.252665
1971-05;0.059371;0.011031;0.079129;0.107318;0.323943;0.082085;0.017728;0.118482;0.138223;0.062692
1971-06;0.118468;0.066757;0.054093;0.137067;0.110142;0.071448;0.037994;0.102306;0.235318;0.066407
1971-07;0.169106;0.098988;0.078857;0.108873;0.124254;0.082605;0.081678;0.067547;0.080511;0.107581
1971-08;0.100852;0.121552;0.074253;0.094083; 0.07381;0.085978;0.098872;0.082829;0.093818;0.173953
1971-09;0.108145;0.111611;0.083845;0.078882;0.089861;  0.1303;0.098868;0.090105;0.099092;0.109291
1971-10;0.133141;0.131855;0.132393;0.193171;0.086029; 0.16139;0.011224;0.100038;0.050759;       0
1971-11;0.127209;0.164071;0.092216;0.123943;0.082356;0.092034;0.083814;0.078283;0.081466;0.074607
1971-12;0.072784;0.145869;0.084836;0.110234;0.126114;0.085504;0.088173;  0.1369;0.111397;0.038189
1972-01;0.172588;0.093603;0.064583;0.116233;0.078032;0.071804; 0.06583;0.093306;0.135295;0.108727
1972-02;       0;0.043012; 0.04277;0.049344;0.102827;0.129973;0.206194;0.143943;0.175213;0.106723
1972-03;0.125121;0.057067;0.184455;0.076975;0.160791;0.075037;0.120285;0.094083;0.106186;       0
1972-04;0.003285;0.081862;0.038455;0.086755;0.166756;0.067751; 0.12269;0.202211;0.093619;0.136617
1972-05;0.097971;0.050748;0.047075;0.076777;0.123629; 0.08319;0.101092;0.114672;0.097982;0.206863
1972-06;0.105069;0.128955;0.090342;0.176353;0.098957;0.144304;0.103469; 0.15255;       0;       0
1972-07;0.211915;0.091218;0.077847;0.070347;0.081296;0.094799;0.110535;0.061079;0.078432;0.122532
1972-08;0.147543;0.155645;0.097828;0.108635;0.098427;0.114468;0.081742;0.051487; 0.04962;0.094604
1972-09;0.035974;0.008765;0.024036;0.200497;0.026522;0.203543;0.051006;0.014782;0.210534;0.224342
1972-10;0.053179;0.114361;0.195025; 0.10772;0.075414;0.117586;0.102636;0.093389;0.091406;0.049283
1972-11;0.156594;0.129649;0.213491;0.072726;0.173345;0.066688;0.079051;0.027212;       0;0.081246
1972-12; 0.19604;0.051532;0.097266;0.107191;0.102711;0.129726;0.041719; 0.09348;0.085694;0.094642
1973-01;0.053222;0.042017;0.035987;0.100792;0.063439;0.053817;0.092056;0.165398; 0.18915;0.204123
1973-02;0.189567;0.115769;0.071606; 0.09198;0.120424;0.128917;       0;0.061524;       0;0.220213
1973-03;0.158331;0.069889;0.069529;0.056193;0.074331;0.059314;0.092074;0.102665;0.198438;0.119235
1973-04;0.115865;0.055657; 0.04466;0.084446;0.096328;0.072781;0.108978;0.121187;0.164124;0.135974
1973-05;0.125127;0.088483;0.094213;0.062842;0.081749;0.161327;0.094475;0.076388;0.094196;0.121198
1973-06;0.367113; 0.10367;0.057141;0.090233;0.086467;0.102073;0.064206; 0.03833;       0;0.090767
1973-07;0.178846;0.014591;0.105413;       0;0.085032;0.079849;0.115087;0.072717;0.200053;0.148413
1973-08;0.294399;0.147598;0.032442;0.091638;0.062595;0.098038;0.009498;0.059241;0.104175;0.100376
1973-09;0.057997;0.019738;0.073592;0.065406;0.198094;0.187522;0.171862;0.065572; 0.13882;0.021398
1973-10; 0.33163;0.049222;0.083381;       0;0.063325;0.049052;0.019917; 0.13448;0.005255; 0.26374
1973-11;0.062602;0.053551;0.054371; 0.01436;0.060982;0.173915;0.216131; 0.08698;0.193451;0.083657
1973-12;0.232891;0.091635;  0.0636; 0.08937;       0;0.136447;0.126443;0.039809;0.100198;0.119607
1974-01;0.217659;       0;0.057111;0.337039;0.085419;0.108356;       0;0.032772;0.161644;       0
1974-02;0.047074; 0.17546;0.043842;0.016126;0.073085;0.087699; 0.01864;0.087821;0.213088;0.237166
1974-03;0.079242;0.058989; 0.08617;0.098914;0.185936;0.140127;0.072892;0.117096;0.096061;0.064574
1974-04;       0;0.126852;0.224611;       0;       0;       0;0.170577;0.391669; 0.08629;       0
1974-05;       0;       0;0.069613; 0.24909;0.256678;0.211216;0.070875;0.142528;       0;       0
1974-06; 0.07995;0.052246;0.055793;0.092561;0.036621;0.129745;0.056779;0.023533;0.342585;0.130185
1974-07;0.021782;0.091539;0.158277; 0.21257;0.066588;0.133728;0.098353;0.093257;0.059666; 0.06424
1974-08;0.053349;       0;       0;       0;0.106822;0.179349;       0;       0;0.260481;     0.4
1974-09;0.203522;0.119589;0.166645;0.180795;0.065785; 0.01454;       0;0.044685; 0.09518;0.109259
1974-10;0.207853;       0;0.158591;0.091634;0.155165;0.031133;       0;0.015372;0.128138;0.212115
1974-11;0.121396;0.061241;0.110092;0.103584;       0;0.038315;       0;0.166482;0.101605;0.297285
1974-12;0.096791;       0;0.039725;0.075552;0.075878;0.108713;0.055371;0.156733;0.198105;0.193132
1975-01;0.160103;0.311964;       0;     0.4;       0;       0;0.046342;0.081592;       0;       0
1975-02;0.112555;     0.4;0.049058;0.038386;       0;       0;       0;       0;       0;     0.4
1975-03; 0.25832;0.065283;0.083792; 0.08617;0.098827;0.062282;0.025929;0.030187;0.216021; 0.07319
1975-04;0.179351;0.248934;0.149955; 0.06418;       0;0.124036;       0;0.121119;0.112425;       0
1975-05;0.128229;0.003724;0.240937; 0.23157;0.086451;0.039706;0.023258;0.100074;0.046838;0.099212
1975-06;       0;       0;       0;       0;0.099981;0.299436;       0;0.008567;0.275423;0.316593
1975-07;0.028981;0.009758;0.047358;0.025547;0.031798;0.225612;       0;0.020217;     0.4;0.210729
1975-08;0.181385;0.137815;0.055056;0.094544;0.055339;0.116543;0.095837;0.168465;0.035089;0.059928
1975-09;0.080596;0.130624;       0;0.171949;0.148088;0.104603;       0;  0.1048;0.131736;0.127603
1975-10;0.019549;0.132787;0.022934;0.061695;0.078741;0.101209;0.035099;0.079928;0.325084;0.142975
1975-11; 0.14296;0.101463;0.083563;0.134911;0.116171; 0.12444;       0;0.016451;0.078093;0.201949
1975-12;0.209507;0.081957;0.138442;0.143245;0.169236;0.109569;0.064664;       0; 0.06714; 0.01624
1976-01;0.134102;0.105021;0.101208;0.096984;0.134321;0.125531;       0;0.056122;0.198237;0.048475
1976-02;0.169248; 0.06179;0.103559;0.096956;0.105797;0.082827;0.254776;0.031742;       0;0.093304
1976-03;0.077706;0.050413;0.107146; 0.10761; 0.02123;0.091261;0.219397;0.042686;0.174008;0.108543
1976-04;0.084494;0.099469;0.185116;0.044699;0.091056; 0.18734;0.085421; 0.07404;0.085141;0.063225
1976-05;0.056362;0.091147;   0.081;0.122865;0.108295;0.116367;       0;0.091011;0.163635;0.169318
1976-06;0.123632;0.099285;0.101312;0.096796; 0.06932;0.114589; 0.10191; 0.14998;0.143177;       0
1976-07;0.158731;0.064953;0.122577;0.119214;0.104653;0.124803;0.152262; 0.11832;       0;0.034487
1976-08;0.120217;0.075016;0.078349;0.100343;0.074168;0.118804;0.058423; 0.15608;0.117888;0.100712
1976-09;0.244746;0.128045;0.120949;0.059167;0.104611;0.085194;       0;0.023294; 0.10781;0.126185
1976-10;0.147653;0.001807;0.020392; 0.01427;0.013598;0.183135;0.007681;0.017634;0.327155;0.266676
1976-11;0.196952; 0.16006;0.036652;0.148865;0.132775;0.135628;0.009228;0.032801;0.051803;0.095236
1976-12;0.136667;0.104332;0.112161;0.124191; 0.08903;0.134219;0.050734;0.014849;0.071374;0.162441
1977-01;0.111077;0.088072;0.080006;0.163704;0.066925;0.108777;0.082467; 0.07541;0.093875;0.129687
1977-02; 0.16165;0.081895;0.080429;0.092988;0.065892;0.073336;0.064836;0.147918;0.169627;0.061428
1977-03;0.042856;0.082101;0.211872;0.155563; 0.08782;0.118807;0.085922;0.104279;       0; 0.11078
1977-04;0.155452;0.143498;0.091043;0.144494;0.065668;0.104914;0.080015;0.083207;0.089976;0.041734
1977-05;0.132118;0.075861; 0.07952;0.095358;0.069441;0.082813;0.108062;0.092969;0.086974;0.176884
1977-06;0.164024;0.146529;0.097913;0.119629; 0.09273;0.120294;0.096565;       0;0.153534;0.008782
1977-07;0.173057;0.100461;0.077368;0.111935;0.103067;0.075108;0.073882;0.098772;0.110292;0.076057
1977-08;0.112685;0.071245;0.028292;0.083924;0.090763; 0.11806;0.061002;0.226542;0.103594;0.103893
1977-09;0.105773;0.064398;0.125638;0.088633;0.072582;0.159008;0.104794;0.078636;0.088307;0.112231
1977-10;0.129347;0.053347;0.117603;0.108301;0.088925;0.117358;0.132826;0.139419;0.112875;       0
1977-11;0.129077;0.116183;0.128813;0.090942;0.068628;0.147731;0.109569;0.028547;0.121137;0.059375
1977-12; 0.16876;0.126346;0.064772;0.096987;0.142859;0.093107;0.104056;0.107131;0.095982;       0
1978-01;0.118608;0.081776;0.092713;0.088898;0.057121;0.193363;0.072599;0.108113;  0.1011;0.085709
1978-02;0.148208;0.110606;0.117202;0.096323;0.090785;0.082292;0.084454;0.085501;0.094748; 0.08988
1978-03;0.227995;0.093987;0.083705;0.128839;0.059405;0.095852; 0.10479;0.083079;0.062038;0.060309
1978-04;0.203579;0.107634;0.098536;0.097113;0.090512;0.086186;0.087055;0.072984;0.083095;0.073307
1978-05; 0.18369;0.097611;0.107268;0.106371;0.092842;0.105142;0.072188;0.072704;0.085032;0.077153
1978-06;0.122775;0.047329;0.059348; 0.13848; 0.09853;0.094705;0.199929;0.155494;0.083409;       0
1978-07;0.142009;0.161566;0.120151;0.117311;0.089556;0.107171;0.112631;0.045099;0.101374;0.003132
1978-08; 0.14313;0.093552;0.106822;0.098363;0.153177;0.101361;0.053512;0.088078;0.083351;0.078654
1978-09;0.115382;0.080455;0.040662;0.090707;0.145959;0.077235;0.080084;0.166173;0.120047;0.083297
1978-10;0.318227;0.168257;0.136985;0.049558;0.047183;0.098244;0.050985;0.056623; 0.07226;0.001679
1978-11;0.113142; 0.05241;0.048928;0.131133;0.125112;0.148772;       0;0.156669;0.097472;0.126361
1978-12;0.128152;0.088935;0.074283;0.079479;0.064394;0.071786;0.057062;0.104032;0.094043;0.237834
1979-01;0.029507;0.058129;0.041968;0.049062;0.043335;0.030039;0.136256; 0.21661;0.043773;0.351322
1979-02;0.156121;0.209573;0.177315;0.178844;0.056294;0.034054;0.070346;0.025853;0.042242;0.049359
1979-03;0.231923;0.174872;0.056172;       0;       0;       0;0.147689;0.165551;0.131466;0.092328
1979-04;0.105714;0.076386;0.130831; 0.09852;0.125835;0.072575;0.089208;0.127044;       0;0.173887
1979-05;       0;0.013293;0.154696;0.164174;0.151883;0.157621;0.077972;0.115896;       0;0.164466
1979-06;       0;0.284286;0.210884;0.110536;       0;0.060311;0.039653;0.105991; 0.18834;       0
1979-07;0.173125;0.048449;       0;0.024905;0.113752;0.189508;0.179622;0.090489;0.120328;0.059823
1979-08;0.139584;0.096318; 0.08473;0.094116; 0.08935;0.080507;0.114266;0.133186;0.066229;0.101714
1979-09;0.234733;       0;0.109226;0.152494;0.113492;0.149843;       0;0.132972; 0.10724;       0
1979-10;0.240256;0.105359;0.138295;0.126103;0.123778;       0;0.140938;  0.0959;       0;0.029371
1979-11;0.140683;0.079326;0.060454;0.112884;0.081437;0.157981;0.079446;0.083999;0.113881;0.089909
1979-12;0.146011;0.102734;0.093214; 0.08009;0.092792;0.090781;0.079462;0.091693;0.095239;0.127984
1980-01;0.112394;0.093929;0.081712;0.091485;0.064654;0.077531;0.068244; 0.13271;0.072524;0.204815
1980-02;0.067896;0.155694;0.063744;0.220025;0.147567;0.102854; 0.16031;0.015735;0.066176;       0
1980-03;0.187921;0.201993; 0.09436;       0;       0;0.064042;0.059089;0.102994;0.082958;0.206643
1980-04;0.140877;0.089687;0.077094;0.100125;0.072573;0.109127;0.097477;0.110272;0.088546;0.114224
1980-05;0.119028;0.118572; 0.09665;0.107093;0.087914;0.100497;0.097321;0.062087;0.089257;0.121582
1980-06;0.245267;0.211298;0.107127;0.114356;0.015265;0.152406;0.021468;0.100903;0.031911;       0
1980-07;0.059897; 0.02153;0.141534;0.026988;0.104246;0.209908;       0;0.142691;0.189844;0.103363
1980-08;0.304247;0.203923;       0;       0;       0;       0;0.152437;0.137647;       0;0.201746
1980-09; 0.01319;       0;0.076506;0.044558;  0.1486;0.144634;0.188495;0.102303;0.147914;  0.1338
1980-10;0.040088;0.068988;0.088707;0.073047;0.121282;0.109562;0.094541;0.055595;0.112557;0.235634
1980-11;0.052415;0.242081;0.049907;0.050119; 0.16666;0.068104;0.025545;0.095245;0.218318;0.031606
1980-12;0.145221;0.092709; 0.06979;0.069497;0.091789;0.071514;0.067099;0.070658;0.071916;0.249806
1981-01;0.090609;0.049701;0.049325;0.070982;0.097869;0.092621;0.211614;0.050167;0.188976;0.098136
1981-02;0.164562;0.100855;0.057816;0.146953;0.129085;0.114649;0.049455;0.117716;0.077051;0.041857
1981-03;0.229693;0.162845;0.102815;0.152719;0.096112;       0;0.120116;       0;0.117943;0.017756
1981-04;0.197255;  0.0581;0.119875;0.114832;0.075534;0.196282;0.053548;0.089285;0.076375;0.018915
1981-05;0.111514;0.104931;0.082362;0.155281;0.136392; 0.11912;0.125949;0.044529;0.119923;       0
1981-06; 0.14992;0.098163;0.218309;0.107156;0.130172;0.074375;0.079616; 0.06071;0.061643;0.019936
