month  ;     ME1;     ME2;     ME3;     ME4;     ME5;     ME6;     ME7;     ME8;     ME9;    ME10
1947-08;0.130876;0.060237;0.120697; 0.09258;0.063597; 0.21545;0.011497;0.116172;0.062137;0.126757
1947-09;0.135872;       0; 0.10384;       0;0.169292;0.368112;0.054402;0.025138;0.070012;0.073332
1947-10;0.103011;0.108226;0.058917;0.071617;0.224128;0.075585;0.123908;0.092611;0.111341;0.030656
1947-11;0.091164;0.004032;0.151544;0.103584;0.080283;0.080779;0.174812;0.048332;0.050925;0.214546
1947-12;0.147807;0.036916;0.095631; 0.12121;0.121578;0.089314;0.130599;0.053653;0.132426;0.070866
1948-01;0.121266;0.075041;0.115943;0.102104;0.084454;0.061649;0.136915;0.095912;0.100089;0.106624
1948-02;0.140913;0.106793;0.109219;0.076058;0.158251;0.101738;0.090818;0.051423;0.058407;0.106381
1948-03;0.306992;       0;       0;0.195599;       0;       0; 0.15095;       0;0.170993;0.175466
1948-04;0.272164;       0;0.187974;0.003169;0.153797;0.151997;0.065174;0.074768;       0;0.090958
1948-05;0.043868;0.096105;0.039716;0.116837;0.170906;0.130511;0.129191; 0.10237;0.102445;0.068051
1948-06;0.128663;0.185574;0.103659;0.134696;0.055627;0.297782;0.062941;0.001825;0.029234;       0
1948-07;0.028429;0.026699;0.075205;0.106518;0.101215;0.132449;0.117981;0.167745;0.123406;0.120355
1948-08;0.127234;0.241287;0.158701;0.078634; 0.12284;0.041232;0.104462;0.096906;       0;0.028704
1948-09;0.244187;0.080436;0.101639;0.059576;0.101175;0.083723;0.122252;0.051149;0.068156;0.087706
1948-10;0.080653;0.157204;0.157694;0.089895;0.102674;0.080094;0.119608;0.064557;0.070275;0.077345
1948-11;0.067889;0.109085;0.086551;0.085399; 0.04402;0.104534;0.133875;0.100661;0.123535;0.144452
1948-12;0.233503;0.143205;0.052873;0.116201;0.103493;0.108802; 0.08858;0.080414;0.064846;0.008083
1949-01;0.131843;0.036993;0.037738;0.085648;0.108368;0.073466;0.227373;0.066822;0.137284;0.094466
1949-02;0.015939;       0;0.077405;0.150152;0.074579;0.275517;0.044442;0.183406;0.064663;0.113898
1949-03;0.073542;0.098666;0.161575;0.105657;0.118017;0.164985;0.111226;0.057289;0.063391;0.045652
1949-04;       0;       0;0.161128;0.346526;       0;       0;       0;       0;0.132092;0.360254
1949-05;0.071645;0.115374;0.044196;0.229422;0.107136;0.120822;0.122746;0.062711;0.050793;0.075156
1949-06;0.147264;       0;0.061674;0.096574;  0.1158;0.045813;0.065315;0.116272;0.100903;0.250384
1949-07;0.004232;0.097852;0.186448;0.140029;0.102182; 0.23573;0.166597;       0;0.065421;0.001509
1949-08;0.143644;0.181287;0.170261;0.133977;0.088239;0.091299;0.066958; 0.02034; 0.05284;0.051155
1949-09; 0.28806;       0;0.167805;0.156025;0.095978;0.075188;       0;  0.1676;       0;0.049345
1949-10;0.175494;       0;0.217663;0.085267; 0.13145;0.062689;0.186566;0.031063;0.102348; 0.00746
1949-11;0.062048;0.021498;0.233764;0.120368;0.104838;0.060337;0.178366;0.103855;0.061319;0.053607
1949-12;0.090132;0.177388;0.119033;0.086795;0.122413;0.089529; 0.08015; 0.08362;0.073289;0.077651
1950-01;0.145972;0.271893;0.125254;0.119149;0.071441;0.062465;0.083375;0.066153;0.010525;0.043773
1950-02;0.122156;0.068111;0.095734;0.074723;0.129849;0.108002;0.126253;0.069276;0.096813;0.109084
1950-03;0.133019;0.121049;0.220011;0.062814;0.109226;0.072905;0.091848; 0.04027;0.072271;0.076587
1950-04;       0;0.112803;0.190188;0.076961;0.056377;0.123411;0.157975;0.077856;0.107258; 0.09717
1950-05; 0.17059;0.114173;0.080361;0.064868;0.096969;0.126277;0.128894;0.034663;0.121907;0.061298
1950-06;0.131585;0.137885;0.111841;0.070891; 0.09675;0.266222;0.065939;0.024279;0.041439;0.053169
1950-07;0.055688;0.144668;0.167842;0.078629;0.181536;0.108533;0.113192;0.048095;0.079868; 0.02195
1950-08;0.002224;       0;0.176607;0.128683;0.074019; 0.08231;0.127801;0.136625;0.098201;0.173531
1950-09;0.093246;0.089997;0.185286;0.048966;0.031567;  0.0628;0.176505;0.107341;0.127907;0.076387
1950-10;0.149544;0.301786;  0.0293;0.143498;0.047842;       0;0.210199;0.032627;0.018307;0.066897
1950-11;       0;0.129302;0.106008;0.109619;0.170367;0.221411;0.157864;       0;0.105429;       0
1950-12;0.195399;0.251731;0.043073;0.082742;0.135173; 0.04004;0.006897;0.062992; 0.09322;0.088735
1951-01;0.142969;0.059758;0.137022;       0;0.090809;0.114615;0.123956;0.087306; 0.10896;0.134606
1951-02;0.069267;0.065829;0.078924;0.161508;0.076373;0.086186;0.161931;0.184498;0.023333;0.092151
1951-03; 0.05814;0.101259;0.038119;       0;       0;     0.4;0.025248;0.096138;0.128999;0.152096
1951-04;0.126608;0.137433;       0;0.094784;0.113246;0.188778;0.042731;0.085742;0.079806;0.130874
1951-05;0.088477;0.006313;0.260277;0.048013;0.137917;       0; 0.17908;0.109667;0.074094;0.096162
1951-06;0.117501;0.127193;0.069385;  0.0979;0.093817;0.090592;0.150926;0.000787;0.137033;0.114866
1951-07;0.135531;0.058748;   0.124;0.032987;0.131958;0.084532;0.205389;0.108043;0.055066;0.063746
1951-08; 0.00511;0.116928;0.090073;0.093099;0.119479;0.080238;0.106496;0.086989;0.107012;0.194576
1951-09;0.118588;0.109495;0.145593;0.161092;0.061426;0.000486;0.263172;0.043468;0.053217;0.043463
1951-10;0.093136;0.136956;0.217823;0.081856;0.167972;0.039474;0.039228;0.170823;0.052733;       0
1951-11;       0;0.106361;0.156023;0.122884;0.139291;0.135162; 0.05881;0.086533;0.141185; 0.05375
1951-12;0.154492;       0;0.072483;0.086473;0.110253; 0.13222;0.077676;0.088158; 0.06616;0.212085
1952-01;0.164722;0.097629; 0.10539;0.063362;0.088106;0.064041;0.124579;0.056361;0.118071;0.117739
1952-02;0.247468; 0.09858;0.091525;0.115937;0.123415;0.047925;0.015376;0.095536;0.052337;  0.1119
1952-03;0.153273;0.081666; 0.07925;0.093882;0.112556;0.138026;0.090348;0.091467;0.083122; 0.07641
1952-04;0.149413;0.187767;0.071003;0.119567;0.084446; 0.04761;0.150757;0.045291; 0.04392;0.100226
1952-05;0.057682;  0.1547;0.078097;0.147655;0.103922;0.102769; 0.10205;0.089164;0.072626;0.091336
1952-06;0.197602;0.062045;0.114864;0.077367;0.093092;0.125552;0.056018;0.069566;0.082851;0.121042
1952-07;0.148259;0.043589;0.127482; 0.11972;0.090587;0.146231;0.109774;0.058837;0.057212;0.098309
1952-08;0.084363;0.079819;0.098699;0.111424;0.127779;0.086303;0.106277;0.095025;0.079784;0.130528
1952-09;       0;0.109958; 0.13105;0.132878;0.123656; 0.11186;0.192802;0.119834;0.077961;       0
1952-10;0.147653;       0;0.086437;0.103904;0.101771;0.086598;0.217888;0.089937;0.074484;0.091328
1952-11; 0.21785;       0;0.068266;0.081815;0.155987; 0.17002;0.037367; 0.04753;0.084302;0.136863
1952-12;0.167482;0.139788;0.009385;0.118825;0.069797;0.093119;0.163224;0.081755;0.056205;0.100419
1953-01;0.160519;0.026656;0.066744;0.096396;0.100083;0.147526;0.124238;0.102121;0.096273;0.079445
1953-02;0.161487;0.083647;0.083459;0.090166;0.100802;0.095426;0.183251;0.098932; 0.10283;       0
1953-03;0.116338; 0.09777;0.104864;0.086332; 0.14595;0.125899;0.056596;0.089985;0.103196; 0.07307
1953-04;0.142006;0.094401;0.133165;0.094362;0.060883;0.060637;0.132622;0.092029;0.072935;0.116962
1953-05;0.133243; 0.09929;0.143519;0.095333;0.096147;0.111495;0.097628; 0.07392;0.067124;0.082301
1953-06;0.101904; 0.09314; 0.09249;0.115046;0.075944;0.066148;0.142666;0.103133;0.094988; 0.11454
1953-07;0.094286;0.087177;0.087258;0.114207;0.075939; 0.07718;0.161536;0.131219;0.070837;0.100361
1953-08;0.153495;0.098996;0.065407;0.101259;0.081648;0.071488;0.138345;0.091937;0.076964;0.120461
1953-09;0.078327;0.078104;0.137962;0.100572;0.111698;0.183461;0.111791;0.078975;0.050644;0.068468
1953-10;0.086643;0.079826;0.069155;0.095035; 0.05693;0.130121;0.148272;0.096732;0.124161;0.113126
1953-11;0.075518;0.067645;0.108139;0.120151;0.096642;0.198052;0.131325;0.055353;0.087696; 0.05948
1953-12;0.081695;0.100202;0.089584;0.105086;0.120306;0.068669;0.130952;0.092171;0.104244; 0.10709
1954-01;0.109948;0.136842;0.099014;0.136648; 0.10124;0.107523;0.138271;       0; 0.06992;0.100594
1954-02;0.067629;  0.0833;0.082772;0.111166;0.129904;0.108197; 0.10364;0.091259;0.112803;0.109329
1954-03;0.075988;0.074407;0.075818;0.089712;0.088355;0.205223;0.120719;0.088228;0.066814;0.114736
1954-04;0.067561;0.105744;0.079608;0.162103;  0.1021;0.136023; 0.09566;0.063517;0.094699;0.092985
1954-05;0.165749;0.092401;0.067223;0.109744;0.113928;0.141727;0.095275;0.064842;0.047694;0.101415
1954-06;0.106753;0.024831;0.097574; 0.10373;0.079225;0.138317;0.153407;0.097796;0.074988;0.123381
1954-07;0.171031;0.097788;0.124042;0.122133;0.123494; 0.14392;0.068115;0.037634;0.093998;0.017844
1954-08;0.074417;0.069837; 0.12423;0.136487;0.101344;0.074066;0.117927;0.091236;0.082756;0.127701
1954-09;0.127946;0.067313;0.104782;0.138486;0.107678;0.154825;0.075008;0.078309;0.072316;0.073336
1954-10;0.127511;0.100746;0.105038;0.143019;0.137132;0.148269;0.063585;0.058111;0.043271;0.073318
1954-11;0.205264;0.101506; 0.08931;0.098212;0.062567;0.053872;0.162203;0.065093; 0.07905;0.082922
1954-12;0.212042;0.097041;0.108784;0.117457; 0.08678;0.072957;0.107571;0.094882;0.078911;0.023576
1955-01;0.086724;0.054181;0.073076;0.115385;0.130192;0.214399;0.131629;0.107182;0.038163;0.049068
1955-02;0.197708;0.090894;0.113395;0.126452;0.112742;0.134161;       0; 0.10767;0.116977;       0
1955-03;0.008894;0.141518;0.119052;0.125335;0.114206;0.082133;0.114514;0.119925;0.113242;0.061182
1955-04;0.138134;0.088459; 0.12597;0.098926;0.095927;0.070557;0.117625;0.084432;0.069692;0.110279
1955-05;0.150808;0.108422;0.097864;0.046024;0.000625;0.101651;0.186974;0.132199;0.143976;0.031456
1955-06;0.110689;0.062281;0.085736;0.097319;0.090231;0.070021;0.091473;0.087217; 0.11686;0.188173
1955-07; 0.12691;0.161583;0.083084;0.088643;0.109551;0.028924;0.172479;0.079783;0.084538;0.064506
1955-08;0.024362;0.025044;0.026954;0.019966;0.116081;0.214971;0.092367;0.120318; 0.23694;0.122997
1955-09;0.073419;0.114624;0.101958;0.079018;0.196157;0.187209;0.120604;0.056061;0.070951;       0
1955-10;0.151872;0.079214;0.090407; 0.09275;0.123088;0.074644;0.133962;0.076758; 0.07182;0.105485
1955-11;0.106985;0.103786;0.172866;0.081897;0.119308;0.104869;0.106426;0.067018;0.061235;0.075611
1955-12;0.170416;0.095463;0.116413; 0.13683;0.112835;0.105299;0.103536;0.085775;0.073434;       0
1956-01;0.125116;0.092627;0.074451;0.158598;0.095613;0.105352;0.115398;0.091284;0.068251; 0.07331
1956-02;0.186158;0.085047;0.075381;0.136435;0.105811;0.093615;0.096317;0.065258;0.077322;0.078656
1956-03;0.110563;0.131812;0.091809;0.105506;0.102972;0.081655;0.107143;0.075065; 0.08939;0.104085
1956-04; 0.11444;0.144865;0.135253;0.154449;0.114618;0.045349;0.085853; 0.09337; 0.05852;0.053283
1956-05;0.149745;0.070612;0.100274;0.138585;0.101895;0.114317; 0.13889;0.069996;0.064584;0.051102
1956-06;0.074933;0.070092;0.074412;0.111011;0.088441;0.186404;0.118317;0.099759;0.065068;0.111564
1956-07;0.170242;0.107675;0.096237;0.134177;0.075575;0.088584;0.089035;0.108121;0.057273;0.073081
1956-08;0.112729;0.072784;0.063291;0.104921;0.073676;0.201064; 0.08956;0.076675;0.053483;0.151818
1956-09;0.126144;0.157498;0.100898;0.149981;0.099597;0.070468;0.104139; 0.09619;0.076224;0.018862
1956-10;0.079953;0.062115;0.124628;0.145805;0.101092;0.185572;0.081673;0.074024;0.107937;  0.0372
1956-11;0.272388;0.119047;0.077172;0.100679; 0.05919; 0.10166;0.067767;0.063681;0.073396; 0.06502
1956-12;0.103151;0.091665;0.101589;0.090231;0.116406;0.086403;0.068644;0.111117;0.099629;0.131164
1957-01;0.093048;0.078416;0.098648;0.148381;0.115047; 0.07226;0.128672;0.108756;0.084734;0.072039
1957-02;0.068739;0.106555;0.114682;0.146248;0.124244;0.163834;0.079825;0.067096; 0.06712;0.061656
1957-03;0.072633;0.080928;0.146906;0.099763;0.094336;0.082162;0.154311;0.124777;0.071767;0.072415
1957-04;0.157555;0.097442;0.076662; 0.08018;0.100428;0.089387;0.120479;0.104495; 0.07151;0.101861
1957-05; 0.04574;0.125175; 0.10407;0.113977;0.081249;0.175941;0.135263;0.072236;0.112771;0.033578
1957-06;0.147321;0.091345; 0.10812;0.112318;0.096314;0.140375;0.087253;0.064515;0.085914;0.066525
1957-07;0.053591; 0.12476;0.129635;0.144766;0.108474;0.075138; 0.13254; 0.08271;0.062808;0.085579
1957-08;0.103809;0.150549;0.089886; 0.12008;0.108131;0.084536;0.115106;0.078044; 0.06723;0.082628
1957-09;0.051955;0.089023;0.142973;0.131877;0.125456;0.139612;0.068111; 0.06833;0.087136;0.095526
1957-10;0.230821;0.080339;0.094655;0.084608;0.083847;0.131616;0.075962; 0.06517;  0.0732;0.079782
1957-11;0.115541;       0;0.073463;0.126335;0.062989;0.153818;0.202739;0.092658;0.078267;0.094189
1957-12;0.095583;0.053627;0.130761;0.035805;0.090024;0.098517;0.131887;0.143786;0.087006;0.133004
1958-01;0.106732;0.018644;0.100055;0.175943; 0.12698;0.138564; 0.10031;       0;0.078561;0.154211
1958-02;0.074545;0.044799; 0.08725;0.103446;0.128807;0.113941;0.163915;0.022543;0.151224;0.109528
1958-03;0.151443; 0.07285;0.104995;0.020159;0.103514;0.234104;0.133093;0.047131;0.117921; 0.01479
1958-04;0.107637;0.058417;0.075649;0.019049;       0;0.126005;0.185234;0.166513;0.130384;0.131111
1958-05;0.086937;0.100839;0.090438;0.072178;0.065512; 0.09049;0.124739;0.136758;0.096698;0.135412
1958-06;       0;0.177298; 0.07827;0.079944;0.055774;0.103672;0.174702;0.148627;0.094714;   0.087
1958-07;       0; 0.11246;0.112347;0.115175; 0.06333;0.143644;0.132824;0.110591;0.125333;0.084297
1958-08;0.079904;0.069797;0.113443;0.101363;0.152649;0.116142;0.117894;0.084373;0.081792;0.082643
1958-09;0.164927; 0.04952; 0.09565;0.043878;0.057813; 0.14542;0.069198;0.221183; 0.10582;0.046593
1958-10; 0.09005;0.069433;0.157186;0.084833;0.094258;0.139181;0.156314;0.091135;0.058014;0.059595
1958-11;0.197285;0.104803;0.052932; 0.09666;0.066925;0.168109; 0.09517;0.065552;0.080247;0.072317
1958-12;0.081997;0.099109;0.098177;0.068944;0.148083;0.088261;0.061237;0.152867; 0.09393;0.107394
1959-01;0.169915;0.103347; 0.06206;0.132042;0.115828;0.083471;0.094213;0.067893;0.075777;0.095453
1959-02;0.066077;0.099834;  0.0742;0.165014;0.160268;0.149397;0.083759;0.064869;0.072694;0.063889
1959-03;0.148665;0.065892;0.077352;0.073346;0.078816;0.240659;0.055802;0.078189;0.117657;0.063621
1959-04;0.079176; 0.07748;0.116983;0.088414;0.145496;0.074101;0.107104; 0.09246;0.117676; 0.10111
1959-05;0.113433;0.104337;0.097563;0.104388;0.110592;0.068656;0.151477;0.074203;0.108669;0.066682
1959-06;0.106963;0.103917;0.107344; 0.12393;0.101696;0.091563;0.125827;0.096516;0.062677;0.079568
1959-07;0.076349;0.051453;0.109981;0.116934;0.088609;0.105722;0.156457;0.102491; 0.10254;0.089464
1959-08;0.120098;0.090132;0.084075;0.122975;0.128638;0.080182;0.104502;0.085246;0.085656;0.098495
1959-09; 0.13143;0.136592;0.114971;0.085027; 0.11505;0.090305;0.100858;0.081345;0.068691;0.075732
1959-10;0.143148;0.086351;0.109488;0.102405;0.098308;0.113483;0.091061;0.078493;0.075467;0.101796
1959-11;  0.1717; 0.09961;0.099467; 0.11151;0.080228;0.095095;0.094332;0.050862;0.088063;0.109135
1959-12;0.135584;0.108698;0.118291;0.122691;0.088399;0.078076;0.100077;0.087993;0.072145;0.088046
1960-01;0.098274;0.067532;0.113273;0.116902;0.111818;0.079954;0.123482;0.096787;0.099673;0.092305
1960-02;0.118409;0.109213;0.168363;0.120673;0.107085; 0.09583;0.046191;0.091405;0.075659;0.067173
1960-03;0.181125;       0;0.116542;0.139775;0.089064;0.097951;0.139936;0.097405;0.072028;0.066175
1960-04;0.136027;0.090588;0.123737; 0.10296;0.135945;0.090632;0.083802;0.083372;0.084021;0.068916
1960-05; 0.11209;0.083326;0.092104;0.117443; 0.10329;0.093595;0.093868;0.079882;0.088922;0.135479
1960-06; 0.09601;0.118254;0.133478;0.126831;0.096727;0.075017;0.151873;0.109763;0.079971;0.012074
1960-07;0.087465;0.126408;0.096738;  0.1043;0.107189;0.082415;0.129755;0.114857;0.086172;0.064702
1960-08;0.102894;0.120374; 0.10044;0.101397;0.101582;0.091508;0.085504;0.118159; 0.07595;0.102192
1960-09;0.098082;0.102177;0.107153;0.111169;0.112925;0.086732;0.095164;0.098182; 0.09242;0.095995
1960-10;0.122602;0.083828;0.081215;0.103324;0.085478;0.156018;0.099201; 0.08097;0.101316;0.086048
1960-11;0.143532; 0.07559;0.102733;0.088323;0.069425;0.092034;0.116819;0.092524;0.105408;0.113612
1960-12;0.124116;0.120811;0.101904;0.149257;0.085876;0.082417;0.106296;0.087183;0.061414;0.080727
1961-01;0.123507;0.130532;0.088913;0.113188;0.081966;0.082316;0.057449;0.103573;0.093006;0.125549
1961-02;0.104422;0.123881;0.105138;       0;0.090195;0.153885;0.102747;0.171622;0.096649;0.051461
1961-03;0.093761;0.123304;0.078737;0.132934;0.058404;0.074742; 0.11596;0.099687;0.142457;0.080013
1961-04;0.088048;0.096321;0.129955; 0.07654;0.074574;0.130091;0.113571; 0.11604;0.088369;0.086492
1961-05;0.199909;0.100952;0.115488;0.071156;0.076273;0.138533;0.049741;0.045458;0.086515;0.115976
1961-06;0.094745;0.085375;0.100642;0.099525;0.085967;0.069726;0.134004;0.110252;0.093481;0.126283
1961-07;0.099325;0.108676;0.071076;0.120333;0.105804;0.110333;0.124901;0.052224;0.097004;0.110324
1961-08; 0.08933;0.116484;0.098619;0.120701;0.065524;0.159407;0.087576;0.078617;0.086937;0.096806
1961-09;0.131679;0.116073;0.080781;0.119831;0.118728;0.082589;0.088498; 0.07447;0.093248;0.094103
1961-10;0.135711;0.066329;0.105939;0.126064;0.071665;0.138887;0.098207;0.103066;0.089295;0.064838
1961-11;0.129171; 0.10208;0.096914;0.106888;0.109514;0.122331;0.096386;0.070175;0.078071;0.088469
1961-12;0.161791;0.093464;0.085089;0.097775;0.093842;0.103955;0.109956; 0.07664;0.089572;0.087916
1962-01;0.156312;0.092995;0.105652;0.093606;0.093869;0.090105;0.086228;0.074809;0.102983; 0.10344
1962-02;0.100059;0.104154;0.108155;0.108461;0.092093;0.097717;0.120437;0.092627;0.094104;0.082193
1962-03;0.046858;0.068939;0.303018;0.110537; 0.09261;0.060015;0.095486;0.060448;0.103914;0.058175
1962-04; 0.16295;0.121282;0.129414;0.107423;0.079155; 0.08472;0.099271;0.083858;0.060489;0.071438
1962-05;0.125594;0.097546;0.108141;0.104592;0.097302;  0.1395;0.104792;0.091525; 0.08137;0.049638
1962-06;0.187663;0.096824;0.086572;0.129992;0.124956;0.106839; 0.02592;0.068002;0.101969;0.071262
1962-07;0.276477;0.101259;0.113953;0.144162; 0.05634;0.094662;0.031085;0.040767;0.091929;0.049367
1962-08;0.153347;0.137046;0.079579;0.093545;0.134193;0.151675;0.021744;0.115138;0.101832;  0.0119
1962-09;0.189133;0.112759;0.091737;0.212554;0.108013;0.222946;       0;0.048694;0.014164;       0
1962-10;0.325162;0.226509;0.230363;       0;0.050278;0.119834;       0;       0;0.047853;       0
1962-11;       0;0.256646;0.380798;0.097574;0.181711;0.083271;       0;       0;       0;       0
1962-12;0.057052;0.119011;0.193015; 0.31806;0.105953;0.121445;       0;0.024304;0.061159;       0
1963-01;0.067399;0.086708;0.073182; 0.28514;0.089188;0.138835;       0;0.038474;0.113901;0.107173
1963-02;0.222687;0.198516;       0;0.248391;0.101995;0.189249;       0;0.037787;0.001375;       0
1963-03;0.108954;0.139669;0.079632;0.116794;0.089093;0.140522;0.067706;0.114062;0.066509;0.077059
1963-04; 0.17031;0.051113;0.106116;0.147549;0.094342;0.158378;0.015114;0.111365;0.008696;0.137018
1963-05;0.171157;0.095647; 0.15907;0.148021;       0;0.065268;0.085942;0.094766;0.123836;0.056293
1963-06;0.100232;0.111849; 0.03619;0.066968;0.135564;0.057127;0.137051;0.144791;0.168297;0.041932
1963-07;0.130421;0.133367;0.049904;0.075556;0.114666;0.101827;0.071707; 0.14987;0.125827;0.046854
1963-08;0.041546;0.106168;0.087564;0.048175;0.093442; 0.14914;0.080154;0.089299;0.187827;0.116685
1963-09;0.146289;0.104502;0.126459;0.199073;0.166479;0.051729;0.063276;0.046764;0.052792;0.042636
1963-10;0.273187;0.118059;0.101468;0.094951;0.058221;0.095629;0.028335;0.050435;0.119919;0.059797
1963-11;0.211408;0.123068;0.075255;0.091797;0.069901;0.126174;0.071414;0.061436;0.088447;  0.0811
1963-12;0.140765;0.119814;0.078196; 0.11674;0.157507;0.074292; 0.08814;0.083977;0.061138;0.079431
1964-01;0.155598; 0.10733;0.091684;0.093654;0.074799;0.156694;0.114885;0.075224;0.074187;0.055944
1964-02; 0.15823;0.094051;0.106243;0.071711;0.083461;0.085555;0.124989;0.098959;0.084463; 0.09234
1964-03;0.110473;0.094563;0.112948;0.107632;0.100701;  0.1469;0.082843;0.079266;0.072271;0.092403
1964-04; 0.08171;0.066307;0.126942;0.106585;0.107443;0.091196;0.155955;0.106836;0.065733;0.091292
1964-05;0.172817;0.149983;0.075498;0.104026;0.072635;  0.0581;0.119174;0.070815;0.084117;0.092836
1964-06;0.165218;0.119501;0.090842;0.089244;0.080217;0.100046; 0.14079;0.067547;0.076403;0.070192
1964-07;0.106544;0.106007;0.098668;0.100113;0.092801;0.161836; 0.10937;0.056917;0.092039;0.075706
1964-08;0.120113; 0.09971;0.083042;0.100504;0.081875;0.164685;0.108957;0.075267;0.072149;0.093697
1964-09;0.131192;0.104124;0.077309;0.118928;0.110757;0.087565;0.112074;0.080768;0.074478;0.102805
1964-10;0.119765;0.096793;0.089751;0.104623;0.098869;0.140478;0.099718;0.077861;0.059982; 0.11216
1964-11;0.136813;0.097187;0.100827;0.095782;0.132921;0.077428;0.100777;0.078398;0.073569;0.106297
1964-12;0.154221;0.099823;0.104123;0.088318;0.069392;0.165207;0.080152; 0.07455;0.055666;0.108548
1965-01;0.134276;0.092694;0.092936;0.109279;0.094676;0.089201;0.126174;0.095312;0.079493;0.085961
1965-02;0.116622;0.082719;0.093076; 0.12677;0.070827;0.103791;0.115646;0.094623;0.083391;0.112536
1965-03; 0.11506;0.078741;0.076269;0.118505; 0.07781;0.102041;0.115714;0.116223;0.087632;0.112006
1965-04;0.125517;0.095254;0.095929;0.129916;0.080167;0.081993;0.116711;0.084696;0.085079;0.104739
1965-05; 0.07683;0.093425;0.116051;0.104075;0.075625;0.129481;0.138654;0.086553;0.092172;0.087133
1965-06;0.111056;0.099561; 0.09533;0.106447;0.085051;0.096693;0.142527;0.088654;0.069418;0.105263
1965-07;0.082865;0.102932;0.109193;0.107101;0.082476;0.103443;0.094077;0.090458;0.098158;0.129297
1965-08;0.097377;0.089019;0.104171;0.093474;0.072982;0.084898;0.137701;0.105296;0.094929;0.120152
1965-09;0.078136;0.084822;0.091668;0.112436;0.099306;0.132814;0.125602;0.078414;0.077944; 0.11886
1965-10;0.095184;0.144531;0.139996;0.085416;0.112301;0.081624;0.093546;0.078689;0.076835;0.091878
1965-11;0.185269;0.172027;0.175471;       0;0.066083;       0;0.034115;       0;  0.1429;0.224135
1965-12;0.112935;0.110046;0.096553;0.124384;0.075021;0.094301;0.055612;0.103968;0.110109; 0.11707
1966-01;0.067797;0.083312; 0.14015;0.094032;0.071892;0.170293;0.127496;0.046317;0.106129;0.092583
1966-02;0.150363;0.086128;0.062486;0.109563;0.075695;0.117308; 0.10243;0.107592;0.102322;0.086114
1966-03;0.107646;0.114772;0.115082;0.063474; 0.10171;0.078177;0.141407;0.076444;0.080774;0.120515
1966-04;  0.3204; 0.05584;0.080599;0.129674;0.083704;0.056366;0.046103;0.090264;0.075391;0.061658
1966-05;0.232332;       0;0.108402;0.026672;0.115387;0.102177;0.106028;0.000988;0.158202;0.149812
1966-06;0.066181;  0.0792;0.072784;0.093283;0.090127;0.158795;0.108025;0.077195;0.120741; 0.13367
1966-07;0.139981;0.060215; 0.08645;0.072905;0.051743;0.083361;0.059567;0.198618;0.176353;0.070806
1966-08;0.071715;0.084681;0.050869;0.096499;0.101797;0.108619;0.138889;0.088822;0.112563;0.145546
1966-09;0.093123;0.177068;0.069433;0.099666;0.082385;0.104202;0.087256;0.087594;0.094092;0.105182
1966-10;0.164209;0.169931;0.085021;       0;0.018928;       0;0.138594;0.139222;0.143612;0.140483
1966-11;0.092303;  0.1233;0.209182;0.101974;0.066278;0.070451;0.061034;0.073197;0.108743;0.093539
1966-12;0.076598;0.075412;0.213574;0.085242;0.097432;0.101809;0.090694;0.082144;0.081187;0.095908
1967-01;0.317506;0.292336;0.056719;       0;0.003518;       0;0.024555;0.174839;       0;0.130527
1967-02;       0;0.018107;       0;0.101197;0.138697;0.114515;0.075166;0.173345;0.110372;0.268601
1967-03;0.086802;0.071341;0.127942;0.032845; 0.02515; 0.14702;0.101827;0.123468;0.148264;0.135339
1967-04;0.033526;0.110732;       0;0.102293;       0; 0.13288;0.110916;0.115215;0.157597;0.236841
1967-05;0.054597;0.108445;0.087343;       0;0.056825;0.177536;0.146547;0.102023;0.122191;0.144493
1967-06;0.008948; 0.09389;0.094441;0.084253;0.118321;0.123748;0.117362;0.216159;0.066486;0.076393
1967-07; 0.18565;0.173421;       0;0.173574;0.105001;0.192005;0.068429;0.027952;       0;0.073967
1967-08;0.054467;0.151121; 0.11222;0.064741;0.135595;0.047621;0.102162;0.101676;0.132442;0.097956
1967-09;0.121386;0.190285;0.052506;0.069083; 0.06133;0.062137;0.056488;0.146961;0.199179;0.040645
1967-10;0.083543;0.061004;0.035688;0.174843;0.096332;0.216997;0.104363;0.118904; 0.08659;0.021736
1967-11; 0.16272;0.114502;0.103572;0.097947;0.098954; 0.09746;  0.0866;0.080431;0.071347;0.086468
1967-12;0.160608;0.112179;0.082335;0.103774;0.080117; 0.11102;0.054751;0.083116;0.073804;0.138296
1968-01; 0.10927;0.102899;0.105661;0.096858;0.089821;0.090725;0.106621;0.097195;0.092016;0.108934
1968-02;0.081823;0.177558;0.129487;0.132908;0.080401;0.080764;0.112597;0.069237;0.064761;0.070467
1968-03;0.044856;0.097293;0.143274;0.115492;0.135796;0.126137;0.111549;0.084817;0.056209;0.084577
1968-04;0.078395;0.124806;0.093631;0.096634;0.118893;0.103531;0.064457;0.102839;0.091338;0.125476
1968-05;0.087719;0.103417;0.082711;0.089602;0.101793; 0.09192;0.067319;0.133271;0.107971;0.134278
1968-06;0.041715;0.099106;0.173159;0.076841;0.110867;0.157814; 0.08708;0.070326;0.088054;0.095039
1968-07;0.036255;0.157061;0.134176;0.028447; 0.21103;0.091315;0.127761;0.163093;0.050862;       0
1968-08;0.074963;0.095642;0.085935;0.084139;0.103592;0.076225;0.128372;0.117523; 0.10805; 0.12556
1968-09;       0;0.153913;0.106337;0.134027;0.089546;0.116863;0.109294;0.106865;0.093857;0.089297
1968-10;0.151005;0.121509;0.073955;0.051158; 0.08043;0.080386;0.137137;0.114034;0.095691;0.094693
1968-11;0.089964;0.064061;0.102114;0.096635;0.125142; 0.16791;0.102193;0.095051;0.088596;0.068335
1968-12;0.088801;0.073781;0.083661;0.101607;0.100295;0.134736;0.131504;0.056154;0.095393;0.134068
1969-01;0.009825;0.052884;0.040788;0.108836;0.063444;0.184214;0.093624;0.059996;0.249578;0.136812
1969-02;0.136666;0.133838;0.086139;0.145986;0.112018;0.133367;0.054534;0.068359;0.059641;0.069452
1969-03;0.137099;0.078145;0.079014; 0.14965;0.076867;0.110019;0.094892;0.069059;0.101074;0.104182
1969-04;0.142704;0.139941; 0.09262;0.041169;0.089845;0.087859;0.134623;0.091819;0.122935;0.056485
1969-05;0.099271;0.100748; 0.11023;0.109209;0.122208; 0.10205;0.105906;0.120595; 0.10462;0.025162
1969-06;0.086182;0.091616;0.080021;0.164288;0.123761;0.035308;0.158145;0.086086;0.087331;0.087261
1969-07;0.071475;0.122559; 0.09735;       0;0.121984;0.161409;0.095243;0.125601;0.105456;0.098923
1969-08;0.018272;       0;0.070904;0.154965; 0.10932; 0.15775;0.150638; 0.09744;0.088134;0.152576
1969-09;       0;       0;0.110389;0.308981;0.043245;0.063768;0.158967;0.075717;0.113855;0.125078
1969-10;0.110511;0.089152;0.142793;0.123844;0.060907; 0.10364;0.093992;0.121686;0.058223;0.095252
1969-11;0.160036;0.204116;0.115946;       0;       0;       0;0.173586;0.033172;0.202014; 0.11113
1969-12;0.234157;0.087481;0.115051;0.043941;       0;       0;0.093382;0.092235;0.095554;  0.2382
1970-01;0.033157; 0.05304;0.070495;0.179531;0.069016;0.088415;0.186393;0.126094;0.068996;0.124863
1970-02;0.070125;0.111682;0.084785;0.053846;0.141489;0.136238;0.133934;0.075731;0.103707;0.088462
1970-03;0.286279; 0.10179;0.063262;0.101531;0.082011;0.055393;0.128592;0.051231;0.076447;0.053463
1970-04;0.201252;0.068989; 0.05811;0.091969;0.115443;0.100709;0.108579;0.117772;0.079597; 0.05758
1970-05;0.104253;0.020157;0.121051;0.155709;0.192797;0.113367;       0; 0.07198;0.079565;0.141122
1970-06;0.241138;       0; 0.05848;0.172277;0.012463;       0;0.105443;0.022813;0.206462;0.180924
1970-07;0.234314;0.042928; 0.11371;0.104903;0.120541;0.081887;0.087449;0.081667; 0.08139;0.051212
1970-08;0.275235;0.110963;0.113532;0.069755;0.132479;0.054419;0.076427;0.095259;0.060525;0.011406
1970-09;0.292192;0.094261;0.137535;0.084413;       0;0.159222;       0;0.036825;0.068825;0.126727
1970-10;     0.4;0.036472;       0;0.083209; 0.16692;       0;       0;       0;       0;0.313399
1970-11; 0.11519;0.116393;0.249079;       0;0.110259; 0.15599;       0;0.087548;       0;0.165542
1970-12;0.353286;0.158985;0.054209; 0.13204;0.104893;0.129797;0.066791;       0;       0;       0
1971-01;0.339089;0.055029;0.273003;0.158977;0.012213;0.022926;       0;       0;0.138763;       0
1971-02;0.001677;0.074716;0.007146;0.098567;0.068736; 0.16319;0.160041; 0.13438;0.117205;0.174343
1971-03;0.114615; 0.11665;       0; 0.17746;0.061403; 0.09944;0.041127;0.027613;0.149582; 0.21211
1971-04;       0;       0;       0;0.076917;0.038773;       0;0.179367;0.116712;0.188231;     0.4
1971-05;0.118145;0.027342;0.036628;       0;0.263871;       0;0.051184;0.310866;0.134163;0.057801
1971-06;0.155528;0.008929;0.083161;0.021255;0.118148;0.089131; 0.08571;0.248918;0.188149;0.001072
1971-07;0.175119;0.093917;0.054567;0.104831;0.078455;0.084276; 0.12796;0.093206;0.098784;0.088884
1971-08;0.060542;0.094233;0.060936;0.064232;0.097455;0.130829; 0.17378;0.080175;0.110399; 0.12742
1971-09;0.098146;0.088456;0.045312;0.132158;0.089297;0.084958;0.186711;0.080566;0.088828;0.105568
1971-10;0.098497;0.086675; 0.12105;0.089221;0.116249; 0.10358; 0.09869;0.087462;0.104161;0.094415
1971-11;0.154357;0.160588;0.091726;0.117446;0.072637;0.066799;0.079235;0.072083;0.093552;0.091575
1971-12;0.128782;0.096752;0.088507;0.080319;0.092149;0.067825;0.096484;0.138094;0.113124;0.097965
1972-01;0.081886;0.115102;0.076177; 0.11371;0.080002; 0.09243;0.112133;0.093759;0.094919;0.139881
1972-02; 0.05608;0.059797;0.061599;0.090923;0.095921;0.116502;0.124804;0.165514;0.119594;0.109265
1972-03;0.191364;0.179653;0.189491;0.163828;0.000754;0.099833;0.091158;0.060187;0.023733;       0
1972-04;       0;0.067684;0.080534;0.091021;0.153575;0.106797;0.130239;0.110413;0.124322;0.135415
1972-05;0.089893; 0.10388;0.118295;0.094339;       0;0.093974;0.110042;0.142398;0.094355;0.152824
1972-06;0.242561;0.075682;0.055746;0.092156;0.173506; 0.05964;0.068224;0.114743;0.082509;0.035234
1972-07;0.281103;0.087171;0.036645;0.070973;0.044633;0.094158;0.123606;0.102068;0.061462; 0.09818
1972-08;0.205085;0.286488;0.100528;0.075582;0.027449;0.108365;0.063634;0.028382;0.032826;0.071661
1972-09;0.015877;0.014658;0.028964; 0.11554;0.081621;0.235428; 0.01738;0.113002;0.202014;0.175514
1972-10;0.107896;0.105501;0.086151;0.167618;0.040423;0.183026;0.067719;0.058107;0.084234;0.099326
1972-11;0.157298;0.073385;0.078268;0.110408;0.116099;0.108829;0.078748;0.075775;0.076612;0.124579
1972-12;0.131442;0.074414;0.060177;0.081701;0.096552;0.109106; 0.08171;0.111012;0.096393;0.157493
1973-01;0.071858;0.057773;0.058726;0.116973;0.133099;  0.0807;0.095634;0.144805;0.076461;0.163971
1973-02;0.043141;0.085335;0.099082;0.111131;0.115829;0.092966;0.100844;0.109352;0.078435;0.163886
1973-03;0.113945;0.108244;0.078912; 0.05443;0.083161;0.072795;0.134473;0.125261; 0.09209;0.136689
1973-04;0.135301;0.116671;0.054773;0.099632;0.081993;0.063516;0.107519;0.112917;0.113106;0.114572
1973-05;0.073253;0.098363;0.105758;0.092217;0.083082;0.072355;0.185053; 0.03211;0.078511;0.179298
1973-06;0.131247;0.115679;0.113221;0.043962;0.216152;0.090084;0.053074;0.143619;       0;0.092962
1973-07;0.141833;0.124098;0.199428;       0;       0;       0;0.047631;0.013234;0.287542;0.186233
1973-08;0.072748;0.041519;0.035619;0.174321;0.103094;0.163433;0.080207;0.063785;0.085034; 0.18024
1973-09; 0.15847;0.064846;0.146892;0.144354;0.142567;0.149091;       0;0.006497; 0.07965;0.107632
1973-10;0.101455;0.100148;0.065678;0.081766;0.097666;0.145535; 0.03147;0.131426;0.124565;0.120291
1973-11;0.066896;0.082444;0.027078;0.086236;0.187484;0.192616; 0.05705; 0.09646;0.053863;0.149874
1973-12;0.165175;0.120916;0.077262; 0.17644;0.017247;0.107401;       0;0.043246; 0.07658;0.215735
1974-01;0.026823;0.056877;0.103876;0.066527;0.091352;0.179376;0.104825;0.049578; 0.19983;0.120936
1974-02;       0;0.106309;       0;0.098695;0.065967;0.161113;0.026336;0.184482;0.181372;0.175726
1974-03;0.073106;0.102887;0.168246;0.124464;0.136229;0.078035;0.115412;0.029676; 0.10871;0.063236
1974-04;0.087821;0.051227;       0;0.246603;0.038087;       0;       0;0.315818;0.073108;0.187336
1974-05;0.094803;0.062741;0.086475;0.084513; 0.08129;0.064396;0.249183;0.064854;0.095629;0.116118
1974-06;0.135486;0.009906;0.046014;0.035324;0.035954;0.203771;       0;0.211574;  0.2019; 0.12007
1974-07;0.084313;0.220458;0.062023;0.038254;0.108429;0.156798;       0; 0.04369;0.056674; 0.22936
1974-08; 0.20263;0.091934;0.078469;0.152782;       0;0.101299;0.003135;0.047529;0.092055;0.230168
1974-09;0.169905;0.021505;0.200985;0.086886;0.079913;0.172214;0.083702;0.086202; 0.04058;0.058107
1974-10;0.017315;       0;0.224351;0.101399;0.138412;0.164517;0.007177;0.047766;0.121336;0.177727
1974-11;0.148726; 0.08824;0.207014;0.153193; 0.24876;0.095125;       0;0.058942;       0;       0
1974-12;0.168284;0.175535;0.063109;0.097838;0.214338;0.070412;0.108591;0.099036;0.002857;       0
1975-01;0.338506;0.188817;0.269442;0.146011;0.016924;       0;0.040299;       0;       0;       0
1975-02;0.366388;0.355645;       0;0.032393;0.071962;       0;       0;       0;       0;0.173612
1975-03;0.094305;0.118239;       0;0.166518;       0;0.095123;       0;       0;0.192929;0.332885
1975-04;     0.4;0.173012;       0;0.219651;       0;0.207337;       0;       0;       0;       0
1975-05;0.181365;0.258252;0.058235;0.246278;       0; 0.13804;       0;       0;       0;0.117831
1975-06;0.046369;0.055637; 0.05859;0.070245;0.153782;0.047729;       0;       0;     0.4;0.167648
1975-07;0.022442; 0.01319; 0.04584;0.077342;       0;0.273746;       0;0.061921;0.243633;0.261886
1975-08;0.261625;0.092251;0.237164;       0;       0;0.016869;       0;       0;  0.1965;0.195592
1975-09;0.203038;0.007371;0.269484;0.002165;       0;  0.0236;0.202852;0.035304;0.142991;0.113195
1975-10;       0;0.185755;0.108155;0.148699;0.136485;0.127094;       0;0.029173;0.147322;0.117316
1975-11;0.104547;0.150505;0.113869;0.168509; 0.03549;0.090471;0.010489;0.057415;0.084941;0.183765
1975-12; 0.27203;0.088541;0.117565;0.139985;0.145283;0.132874;       0;       0;0.080701;0.023021
1976-01;0.304174;0.143636;0.026349;0.129719;0.105339;0.179816;       0;0.035567;0.028084;0.047317
1976-02;0.091598; 0.09919;0.068929;0.097611; 0.11275; 0.11178;0.138393;0.061373;0.076402;0.141974
1976-03;0.088406;0.066071;0.079935;0.085504;0.113261;0.130936;0.000907;0.172507;0.097704;0.164769
1976-04;0.091049;0.060497;0.216864;0.085654;0.110771;0.067295;0.112561;0.064625;0.106469;0.084217
1976-05;0.104534; 0.07222;0.087733;0.086682;0.139927;0.063779;0.077662; 0.11513;0.149299;0.103036
1976-06;0.091585;0.035003;0.052173;0.090843;0.125871;0.114461;0.104264;0.111963;0.139771;0.134067
1976-07;0.154219;0.082717;0.121784;0.113201;0.083999;0.134981; 0.05952;       0;0.145797;0.103782
1976-08; 0.04929; 0.03293;0.045191;0.130381;0.084365;0.143389;0.110451;0.088202;0.205849;0.109952
1976-09;0.348657;       0;0.071716;0.069336;0.050488;0.079594;0.204262;0.036528;0.076275;0.063145
1976-10;       0;0.220839;0.160071;0.178388;0.060923; 0.17766;       0;0.016839;0.106812;0.078469
1976-11;0.158388;0.067869;0.063338;0.067471;0.094072;0.174689; 0.07265; 0.11553;0.115283;0.070709
1976-12; 0.08843;0.099154; 0.10447;0.088029;0.126599;0.112758;0.087679;0.084546;0.095813;0.112521
1977-01;0.181793; 0.20518; 0.05248;0.076203;0.079844;0.075287;0.092738;0.059851;0.083829;0.092795
1977-02;0.124119;0.046395;0.085101;0.159429;0.141651;0.109766;0.045664;0.095804;0.097556;0.094515
1977-03; 0.08803;0.078174;0.099594;0.120924;0.120217;0.130187;0.089161;0.086994;0.091456;0.095263
1977-04;0.109043;0.077407;0.092248;0.085192;0.116037;0.152211;0.105002;0.083992;0.097252;0.081617
1977-05;0.103796;0.046505;0.086206;0.135863;0.101518;0.098577;0.084784;0.083436;0.103057;0.156258
1977-06;0.101989;0.042523;0.080199;0.129701;0.098312;0.088437;0.135524;0.112907;0.097882;0.112525
1977-07;0.117062;0.075051;0.126757;0.102329;0.131895;0.118476;0.107273;0.098786;0.122372;       0
1977-08; 0.15537;0.067054; 0.07521;  0.1145;0.109739;0.156996;0.070303;0.089446;0.116848;0.044534
1977-09;0.104761;0.119272;0.088921;0.132734;  0.1068;0.119539;0.149058;0.062812;0.069815;0.046288
1977-10;0.107437;0.051554;0.066204;0.121179;0.119358;0.099622;0.144967; 0.13678; 0.10595;0.046948
1977-11;0.095754;0.058542;0.061441;0.089403;0.090257;0.100613;0.160422;0.101698;0.086294;0.155576
1977-12;0.081521;0.107777;0.120708;0.097689;0.121756;   0.081;0.097725;0.101141;0.090043;0.100641
1978-01;0.078414;0.085385;0.112636;0.129292;0.137032;0.122551;0.087157;0.076045;0.121615;0.049872
1978-02;0.103604;0.088228;0.104052;0.114591;0.109817;0.108303;0.101503; 0.06344;0.112083;0.094379
1978-03;0.106135;0.023106;0.121751;0.110339;0.123306;0.161281;0.144226;0.082248;0.082479;0.045129
1978-04;0.224359;0.067788;0.080883;0.096949;0.088168;0.089433;0.104298;0.077114;0.078104;0.092904
1978-05;  0.1489; 0.09425;0.098522;0.114905;0.111917;0.089178;0.094423;0.101271;0.085272;0.061361
1978-06;0.197312;0.116007;0.056082;0.128511; 0.10878;0.083164;0.123044;0.092528;0.094574;       0
1978-07;0.114406;0.053924;0.157315;0.220637;0.086996;0.069605;0.127835; 0.05932;0.098055;0.011907
1978-08;0.122974;0.076925;0.089081;0.114041;0.135069;0.149625;0.040666;0.076725;0.114321;0.080574
1978-09;0.070577;0.081286;0.063464;0.117104;0.094548;0.088614;0.146956;0.064288;0.150931;0.122233
1978-10;0.105705;0.064956; 0.07255;0.101818;0.101489;0.085707;0.123391;0.124965;0.106162;0.113257
1978-11;0.104122;0.073031;0.099043;0.115892;0.082225;0.182569;       0;0.155343;0.087259;0.100516
1978-12; 0.10427;0.082481; 0.06448;0.114867;0.069675; 0.08373;0.088949; 0.08681;0.109736;0.195003
1979-01;0.126972; 0.11557;0.050165;  0.0971;0.066161;0.089062;       0;0.069597; 0.02944;0.355933
1979-02;0.065122;0.223882;0.095775;0.083703;0.281057;0.070944;       0;0.083924;0.030954;0.064639
1979-03;0.235729;0.271893;       0;       0;       0;       0;0.003331;0.214791;       0;0.274256
1979-04;  0.1823;       0;       0;0.136435;0.129579;0.133336;       0;0.165849; 0.03831;0.214192
1979-05;0.074154;0.097715;0.146401;0.128918;0.124906;0.029287;0.096171;0.103795;0.079033;0.119619
1979-06;0.389968;0.051021;0.041012;0.082535;       0;0.072812;0.076135;0.110677;0.093114;0.082726
1979-07;0.059306;0.053213;0.043649;0.201053;       0; 0.21009;0.079701;0.136919; 0.13769; 0.07838
1979-08;0.083589;0.072188;0.098983;0.071985;0.125444;0.053463;0.113431;0.158444;0.076644;0.145829
1979-09; 0.17552;       0;0.067463; 0.05272;0.160152;0.132817;0.125873; 0.11915;0.131627;0.034677
1979-10;0.099962;0.099029;0.063686;0.124152;0.098018;0.154475;0.128394;0.094773;0.102026;0.035485
1979-11;0.132302;0.078992;0.082414;0.075836; 0.08834;0.100132;0.097906;0.065767;0.214097;0.064213
1979-12;0.133448;0.016589;0.004835;0.077128;0.107896;0.130429;0.248146;0.098876;0.049199;0.133454
1980-01; 0.11976;0.125891;       0;0.103348;0.059487;0.110681;       0;0.192667;0.047733;0.240433
1980-02;0.082451;0.186109;0.087731;0.117286; 0.31028;0.069663;       0;0.065489;0.027062; 0.05393
1980-03;0.119153;0.119936;0.236084;       0;       0;       0;0.185041;0.140513;0.120237;0.079037
1980-04;0.209735; 0.18112;0.032593;0.083391;0.084196;0.089902; 0.01486; 0.14286;0.075046;0.086298
1980-05;0.116168;0.089522;0.239648;0.164689;0.020393;0.077286;0.099094;       0;0.106936;0.086263
1980-06;0.255925;  0.0616;0.119333;0.065152;0.095872;0.164451;0.022479;0.082235;0.049124;0.083829
1980-07;0.114594;  0.0924;       0;0.117912;0.175711;0.148382;0.125086;       0;0.123114;0.102802
1980-08;0.281757;0.395796;0.112224;       0;0.042693;       0; 0.16753;       0;       0;       0
1980-09;0.116188;       0; 0.09422;       0;0.117267;0.091441;       0;0.254291; 0.08361;0.242983
1980-10;0.158805;       0; 0.36333;       0;0.051119;0.137032;0.066204;0.061122; 0.06368;0.098707
1980-11;       0;0.151164;0.141171;0.085075;0.050186;0.130804;0.167644;0.111105;0.104223;0.058629
1980-12;0.026356;0.095261;0.142808;0.100732;0.111453;0.117321;0.092802;0.107921;0.056871;0.148475
1981-01;0.095136; 0.10263;0.093836;0.114127;0.142116; 0.10158;0.131466;0.056783;0.095467; 0.06686
1981-02;0.085846;0.061334;0.000224;0.217161;0.084657;0.063746;0.297131;0.108673;0.081229;       0
1981-03;0.074987;0.116737;0.151632;0.101321;0.149144;  0.0459;0.134098;0.118668;0.107513;       0
1981-04;       0;0.012182;0.042005;0.283749;0.269092;0.032938;0.076346;0.085892;0.094851;0.102945
1981-05;0.131462;0.111844;0.166785;0.110065;0.156268;0.104443;0.109247;0.109886;       0;       0
1981-06;0.088817;0.136659;0.114992;0.099568; 0.11099;0.080401;0.109573;0.085457;0.090772;0.082772
