decile: ME10
file: data/processed\features_ME10_full.csv
date_range: 1927-07 → 2025-07
initial_train_months: 240 (through 1947-06)
mode: static
oos_months: 937 (through 2025-08)
oos_r2: -0.36117468510850914
oos_mae: 0.036596645924667943
oos_rmse: 0.0482680878372528
