decile: ME10
file: data/processed\features_ME10_full.csv
date_range: 1927-07 → 2025-08
initial_train_months: 240 (through 1947-06)
mode: walkforward_early_stopping
oos_months: 938 (through 2025-09)
oos_r2: -0.041198655307404186
oos_mae: 0.03219642104187219
oos_rmse: 0.04220990785110935
