decile: ME10
file: data/processed\features_ME10_full.csv
date_range: 1927-07 → 2025-08
initial_train_months: 240 (through 1947-06)
mode: static
oos_months: 938 (through 2025-09)
oos_r2: -0.36041094928727624
oos_mae: 0.03658251604799061
oos_rmse: 0.04824837202051312
