decile: ME1
file: data/processed\features_ME1_full.csv
date_range: 1927-07 → 2025-08
initial_train_months: 240 (through 1947-06)
mode: static
oos_months: 938 (through 2025-09)
oos_r2: -0.8076345487046599
oos_mae: 0.06122820771713535
oos_rmse: 0.0811017718249148
