decile: ME2
file: data/processed\features_ME2_full.csv
date_range: 1927-07 → 2025-07
initial_train_months: 240 (through 1947-06)
mode: static
oos_months: 937 (through 2025-08)
oos_r2: -0.622159800243081
oos_mae: 0.05849731711898525
oos_rmse: 0.0769474790742884
