decile: ME2
file: data/processed\features_ME2_full.csv
date_range: 1927-07 → 2025-08
initial_train_months: 240 (through 1947-06)
mode: static
oos_months: 938 (through 2025-09)
oos_r2: -0.6223601446244225
oos_mae: 0.05846810328070752
oos_rmse: 0.0769131667159928
