decile: ME2
file: data/processed\features_ME2_full.csv
date_range: 1927-07 → 2025-09
initial_train_months: 240 (through 1947-06)
mode: walkforward_early_stopping
oos_months: 939 (through 2025-10)
oos_r2: -0.007970320180734847
oos_mae: 0.04542864708698424
oos_rmse: 0.060592897227156536
