decile: ME3
file: data/processed\features_ME3_full.csv
date_range: 1927-07 → 2025-09
initial_train_months: 240 (through 1947-06)
mode: walkforward_early_stopping
oos_months: 939 (through 2025-10)
oos_r2: -0.012453112511788378
oos_mae: 0.043775809019919724
oos_rmse: 0.0579203974562696
