decile: ME5
file: data/processed\features_ME5_full.csv
date_range: 1927-07 → 2025-08
initial_train_months: 240 (through 1947-06)
mode: static
oos_months: 938 (through 2025-09)
oos_r2: -0.5966820839416938
oos_mae: 0.05146276707587072
oos_rmse: 0.0679317237039821
