decile: ME5
file: data/processed\features_ME5_full.csv
date_range: 1927-07 → 2025-09
initial_train_months: 240 (through 1947-06)
mode: walkforward_early_stopping
oos_months: 939 (through 2025-10)
oos_r2: -0.031766014918368946
oos_mae: 0.04120158177363841
oos_rmse: 0.05457885353746786
