decile: ME5
file: data/processed\features_ME5_full.csv
date_range: 1927-07 → 2025-07
initial_train_months: 240 (through 1947-06)
mode: static
oos_months: 937 (through 2025-08)
oos_r2: -0.5962405395783623
oos_mae: 0.051480710310647784
oos_rmse: 0.06795853688054346
