decile: ME6
file: data/processed\features_ME6_full.csv
date_range: 1927-07 → 2025-09
initial_train_months: 240 (through 1947-06)
mode: walkforward_early_stopping
oos_months: 939 (through 2025-10)
oos_r2: -0.037218525819368686
oos_mae: 0.03940843585568179
oos_rmse: 0.05176952725166568
