decile: ME6
file: data/processed\features_ME6_full.csv
date_range: 1927-07 → 2025-07
initial_train_months: 240 (through 1947-06)
mode: static
oos_months: 937 (through 2025-08)
oos_r2: -0.6571457454287395
oos_mae: 0.0497963833053433
oos_rmse: 0.06550008389173304
