decile: ME6
file: data/processed\features_ME6_full.csv
date_range: 1927-07 → 2025-08
initial_train_months: 240 (through 1947-06)
mode: static
oos_months: 938 (through 2025-09)
oos_r2: -0.657144285520141
oos_mae: 0.04974843326362924
oos_rmse: 0.06546534893411678
