decile: ME7
file: data/processed\features_ME7_full.csv
date_range: 1927-07 → 2025-08
initial_train_months: 240 (through 1947-06)
mode: static
oos_months: 938 (through 2025-09)
oos_r2: -0.5701431028436423
oos_mae: 0.04719978041143293
oos_rmse: 0.06250566708700502
