decile: ME8
file: data/processed\features_ME8_full.csv
date_range: 1927-07 → 2025-07
initial_train_months: 240 (through 1947-06)
mode: static
oos_months: 937 (through 2025-08)
oos_r2: -0.46258207443406607
oos_mae: 0.04335176630890302
oos_rmse: 0.05799257841435175
