decile: ME8
file: data/processed\features_ME8_full.csv
date_range: 1927-07 → 2025-09
initial_train_months: 240 (through 1947-06)
mode: walkforward_early_stopping
oos_months: 939 (through 2025-10)
oos_r2: -0.03512901301936844
oos_mae: 0.03721607297210047
oos_rmse: 0.04873645815357103
