decile: ME9
file: data/processed\features_ME9_full.csv
date_range: 1927-07 → 2025-08
initial_train_months: 240 (through 1947-06)
mode: walkforward_early_stopping
oos_months: 938 (through 2025-09)
oos_r2: -0.025165395876549645
oos_mae: 0.034233528882341754
oos_rmse: 0.045071632145998165
