decile: ME9
file: data/processed\features_ME9_full.csv
date_range: 1927-07 → 2025-07
initial_train_months: 240 (through 1947-06)
mode: static
oos_months: 937 (through 2025-08)
oos_r2: -0.5395337874667601
oos_mae: 0.040603828726610836
oos_rmse: 0.055262756986182
