decile: ME1
file: data/processed\features_ME1_full.csv
date_range: 1927-07 → 2025-08
initial_train_months: 240 (through 1947-06)
oos_months: 938 (through 2025-09)
oos_r2: -3.2941136693559594
oos_mae: 0.011395681636949111
oos_rmse: 0.015847677215174827
last_alpha: 10.0
