decile: ME2
file: data/processed\features_ME2_full.csv
date_range: 1927-07 → 2025-09
initial_train_months: 240 (through 1947-06)
oos_months: 939 (through 2025-10)
oos_r2: -2.0361187939450667
oos_mae: 0.009237944319406324
oos_rmse: 0.012961324462254733
last_alpha: 10.0
