decile: ME3
file: data/processed\features_ME3_full.csv
date_range: 1927-07 → 2025-09
initial_train_months: 240 (through 1947-06)
oos_months: 939 (through 2025-10)
oos_r2: -2.692993864261894
oos_mae: 0.009063556406195836
oos_rmse: 0.012470569550434936
last_alpha: 10.0
