decile: ME4
file: data/processed\features_ME4_full.csv
date_range: 1927-07 → 2025-09
initial_train_months: 240 (through 1947-06)
oos_months: 939 (through 2025-10)
oos_r2: -2.107525183639339
oos_mae: 0.007786122656815968
oos_rmse: 0.010896648899363648
last_alpha: 10.0
