decile: ME5
file: data/processed\features_ME5_full.csv
date_range: 1927-07 → 2025-09
initial_train_months: 240 (through 1947-06)
oos_months: 939 (through 2025-10)
oos_r2: -1.2950198104681547
oos_mae: 0.006013338090897255
oos_rmse: 0.008642569263625069
last_alpha: 10.0
