decile: ME6
file: data/processed\features_ME6_full.csv
date_range: 1927-07 → 2025-09
initial_train_months: 240 (through 1947-06)
oos_months: 939 (through 2025-10)
oos_r2: -1.8822221243125452
oos_mae: 0.00602831161256433
oos_rmse: 0.008459547753245648
last_alpha: 10.0
