decile: ME7
file: data/processed\features_ME7_full.csv
date_range: 1927-07 → 2025-09
initial_train_months: 240 (through 1947-06)
oos_months: 939 (through 2025-10)
oos_r2: -0.9647788884411481
oos_mae: 0.004755195762068196
oos_rmse: 0.007080854850071548
last_alpha: 10.0
