decile: ME7
file: data/processed\features_ME7_full.csv
date_range: 1927-07 → 2025-08
initial_train_months: 240 (through 1947-06)
oos_months: 938 (through 2025-09)
oos_r2: -0.9651725071167709
oos_mae: 0.0047585827521629
oos_rmse: 0.007084440888777258
last_alpha: 10.0
