decile: ME10
file: data/processed\features_ME10_full.csv
date_range: 1927-07 → 2025-09
initial_train_months: 240 (through 1947-06)
mode: walkforward_early_stopping
vol_target_col: ME10_vol_3m
oos_months: 939 (through 2025-10)
oos_r2: 0.3911730353833909
oos_mae: 0.010460238673175842
oos_rmse: 0.014211230919383352
