decile: ME2
file: data/processed\features_ME2_full.csv
date_range: 1927-07 → 2025-09
initial_train_months: 240 (through 1947-06)
mode: walkforward_early_stopping
vol_target_col: ME2_vol_3m
oos_months: 939 (through 2025-10)
oos_r2: 0.3274579648979077
oos_mae: 0.01587197107717715
oos_rmse: 0.021706064455074937
