decile: ME3
file: data/processed\features_ME3_full.csv
date_range: 1927-07 → 2025-07
initial_train_months: 240 (through 1947-06)
mode: static
vol_target_col: ME3_vol_3m
oos_months: 937 (through 2025-08)
oos_r2: 0.1406939994630736
oos_mae: 0.017396197731517134
oos_rmse: 0.02295366261375095
