decile: ME4
file: data/processed\features_ME4_full.csv
date_range: 1927-07 → 2025-08
initial_train_months: 240 (through 1947-06)
mode: static
vol_target_col: ME4_vol_3m
oos_months: 938 (through 2025-09)
oos_r2: 0.1820621887873779
oos_mae: 0.016682092285127438
oos_rmse: 0.021917429083949575
