decile: ME4
file: data/processed\features_ME4_full.csv
date_range: 1927-07 → 2025-07
initial_train_months: 240 (through 1947-06)
mode: static
vol_target_col: ME4_vol_3m
oos_months: 937 (through 2025-08)
oos_r2: 0.18218348866282863
oos_mae: 0.016690821658892584
oos_rmse: 0.021927369457648872
