decile: ME4
file: data/processed\features_ME4_full.csv
date_range: 1927-07 → 2025-08
initial_train_months: 240 (through 1947-06)
mode: walkforward_early_stopping
vol_target_col: ME4_vol_3m
oos_months: 938 (through 2025-09)
oos_r2: 0.3497986272912643
oos_mae: 0.014410476432020106
oos_rmse: 0.019541298039571227
