decile: ME5
file: data/processed\features_ME5_full.csv
date_range: 1927-07 → 2025-09
initial_train_months: 240 (through 1947-06)
mode: walkforward_early_stopping
vol_target_col: ME5_vol_3m
oos_months: 939 (through 2025-10)
oos_r2: 0.39383622629534265
oos_mae: 0.01345254833114449
oos_rmse: 0.018335321030586372
