decile: ME5
file: data/processed\features_ME5_full.csv
date_range: 1927-07 → 2025-07
initial_train_months: 240 (through 1947-06)
mode: static
vol_target_col: ME5_vol_3m
oos_months: 937 (through 2025-08)
oos_r2: 0.23855928063040555
oos_mae: 0.01539201662612939
oos_rmse: 0.02056321389397273
