decile: ME7
file: data/processed\features_ME7_full.csv
date_range: 1927-07 → 2025-09
initial_train_months: 240 (through 1947-06)
mode: walkforward_early_stopping
vol_target_col: ME7_vol_3m
oos_months: 939 (through 2025-10)
oos_r2: 0.4170930353061899
oos_mae: 0.012284099956435745
oos_rmse: 0.016741502526345983
