decile: ME7
file: data/processed\features_ME7_full.csv
date_range: 1927-07 → 2025-08
initial_train_months: 240 (through 1947-06)
mode: walkforward_early_stopping
vol_target_col: ME7_vol_3m
oos_months: 938 (through 2025-09)
oos_r2: 0.3792733791553462
oos_mae: 0.012605937787930245
oos_rmse: 0.017280957304884274
