decile: ME7
file: data/processed\features_ME7_full.csv
date_range: 1927-07 → 2025-08
initial_train_months: 240 (through 1947-06)
mode: static
vol_target_col: ME7_vol_3m
oos_months: 938 (through 2025-09)
oos_r2: 0.23482747584832186
oos_mae: 0.014584569499978188
oos_rmse: 0.019186567907397468
