decile: ME7
file: data/processed\features_ME7_full.csv
date_range: 1927-07 → 2025-07
initial_train_months: 240 (through 1947-06)
mode: static
vol_target_col: ME7_vol_3m
oos_months: 937 (through 2025-08)
oos_r2: 0.2350856136289904
oos_mae: 0.01457814676767857
oos_rmse: 0.019184935459274813
