decile: ME9
file: data/processed\features_ME9_full.csv
date_range: 1927-07 → 2025-09
initial_train_months: 240 (through 1947-06)
mode: walkforward_early_stopping
vol_target_col: ME9_vol_3m
oos_months: 939 (through 2025-10)
oos_r2: 0.3894148615887836
oos_mae: 0.011114564910664787
oos_rmse: 0.015024558914405083
