decile: ME1
file: data/processed\features_ME1_full.csv
date_range: 1927-07 → 2025-07
initial_train_months: 240 (through 1947-06)
oos_months: 937 (through 2025-08)
oos_r2: -0.05855068869505442
oos_mae: 0.0458727488530282
oos_rmse: 0.06208217804476731
last_alpha: 10.0
