decile: ME2
file: data/processed\features_ME2_full.csv
date_range: 1927-07 → 2025-07
initial_train_months: 240 (through 1947-06)
oos_months: 937 (through 2025-08)
oos_r2: -0.04815890058418626
oos_mae: 0.04641251452253255
oos_rmse: 0.06185305319076182
last_alpha: 10.0
