decile: ME2
file: data/processed\features_ME2_full.csv
date_range: 1927-07 → 2025-07
initial_train_months: 240 (through 1947-06)
oos_months: 937 (through 2025-08)
oos_r2: -0.048159032958122516
oos_mae: 0.0464125149145611
oos_rmse: 0.061853057096530245
last_alpha: 10.0
