decile: ME3
file: data/processed\features_ME3_full.csv
date_range: 1927-07 → 2025-07
initial_train_months: 240 (through 1947-06)
oos_months: 937 (through 2025-08)
oos_r2: -0.07357663058540376
oos_mae: 0.04544153940116961
oos_rmse: 0.05970664652955769
last_alpha: 10.0
