decile: ME3
file: data/processed\features_ME3_full.csv
date_range: 1927-07 → 2025-07
initial_train_months: 240 (through 1947-06)
oos_months: 937 (through 2025-08)
oos_r2: -0.07357624926039641
oos_mae: 0.045441532228946174
oos_rmse: 0.05970663592591806
last_alpha: 10.0
