decile: ME5
file: data/processed\features_ME5_full.csv
date_range: 1927-07 → 2025-07
initial_train_months: 240 (through 1947-06)
oos_months: 937 (through 2025-08)
oos_r2: -0.055612704701874405
oos_mae: 0.0419306217816652
oos_rmse: 0.05526461593093923
last_alpha: 10.0
