decile: ME6
file: data/processed\features_ME6_full.csv
date_range: 1927-07 → 2025-07
initial_train_months: 240 (through 1947-06)
oos_months: 937 (through 2025-08)
oos_r2: -0.09484740401762481
oos_mae: 0.040835700870981644
oos_rmse: 0.053240030994095584
last_alpha: 10.0
