decile: ME6
file: data/processed\features_ME6_full.csv
date_range: 1927-07 → 2025-07
initial_train_months: 240 (through 1947-06)
oos_months: 937 (through 2025-08)
oos_r2: -0.094847291015004
oos_mae: 0.040835697803270406
oos_rmse: 0.053240028246560565
last_alpha: 10.0
