decile: ME7
file: data/processed\features_ME7_full.csv
date_range: 1927-07 → 2025-07
initial_train_months: 240 (through 1947-06)
oos_months: 937 (through 2025-08)
oos_r2: -0.06323972935594124
oos_mae: 0.03900561948664938
oos_rmse: 0.05146207090515257
last_alpha: 10.0
