decile: ME8
file: data/processed\features_ME8_full.csv
date_range: 1927-07 → 2025-07
initial_train_months: 240 (through 1947-06)
oos_months: 937 (through 2025-08)
oos_r2: -0.06839429835804856
oos_mae: 0.038084955819714834
oos_rmse: 0.049565338450890326
last_alpha: 10.0
