decile: ME8
file: data/processed\features_ME8_full.csv
date_range: 1927-07 → 2025-07
initial_train_months: 240 (through 1947-06)
oos_months: 937 (through 2025-08)
oos_r2: -0.06839455810615402
oos_mae: 0.03808495983973031
oos_rmse: 0.04956534447605443
last_alpha: 10.0
