decile: ME9
file: data/processed\features_ME9_full.csv
date_range: 1927-07 → 2025-07
initial_train_months: 240 (through 1947-06)
oos_months: 937 (through 2025-08)
oos_r2: -0.06206540063408261
oos_mae: 0.0350229459971221
oos_rmse: 0.04590009301584716
last_alpha: 10.0
